# # r T rho v
1.000000000171451242e-01 1.104253903053796337e+00 2.011844798874295037e+01 2.632840454310077760e+01
1.006956740798234107e-01 1.105511813617514827e+00 1.984308781293403712e+01 2.632619754495638276e+01
1.017076824289785686e-01 1.107326843110616910e+00 1.945255854757582270e+01 2.632296275958661269e+01
1.027298616311332763e-01 1.109142221939094952e+00 1.906975994496747617e+01 2.631966666876534333e+01
1.037623139050596055e-01 1.110957577843306732e+00 1.869453867960871563e+01 2.631630847902340520e+01
1.048051424968453188e-01 1.112772507917529019e+00 1.832674446508788435e+01 2.631288739270456389e+01
1.058584516902186384e-01 1.114586577893436736e+00 1.796622999390819686e+01 2.630940260807522080e+01
1.069223468169766406e-01 1.116399321424813129e+00 1.761285087850619391e+01 2.630585331943603578e+01
1.079969342675186211e-01 1.118210239375019732e+00 1.726646559343826581e+01 2.630223871723603679e+01
1.090823215014850717e-01 1.120016129113917458e+00 1.692693535353896195e+01 2.629855808944558149e+01
1.101786170585038888e-01 1.121806725652335857e+00 1.659412396315004656e+01 2.629481098264722760e+01
1.112859305690444139e-01 1.123579969752531271e+00 1.626789813654304240e+01 2.629099662201327803e+01
1.124043727653804142e-01 1.125334781730374711e+00 1.594812725533040165e+01 2.628711419023604279e+01
1.135340554926635714e-01 1.127070030178923821e+00 1.563468329033623938e+01 2.628316286702017024e+01
1.146750917201080078e-01 1.128784531109071176e+00 1.532744075034862874e+01 2.627914182920381592e+01
1.158275955522873740e-01 1.130477047100372889e+00 1.502627663188634521e+01 2.627505025088064983e+01
1.169916822405452778e-01 1.132159562451402257e+00 1.473107065229433132e+01 2.627088680001757481e+01
1.181674681945206334e-01 1.133857362580238837e+00 1.444170516660042658e+01 2.626664965198737534e+01
1.193550709937886423e-01 1.135571103460454534e+00 1.415806432116105462e+01 2.626233792520776333e+01
1.205546093996189422e-01 1.137301278933315007e+00 1.388003455591975843e+01 2.625795074119847428e+01
1.217662033668516913e-01 1.139048377711924465e+00 1.360750456232835504e+01 2.625348721879624492e+01
1.229899740558933197e-01 1.140808560341951106e+00 1.334036515551355251e+01 2.624894663813343598e+01
1.242260438448325316e-01 1.142578025540454512e+00 1.307850932324773474e+01 2.624432827110520705e+01
1.254745363416782666e-01 1.144356902956816802e+00 1.282183225365452373e+01 2.623963123594948499e+01
1.267355763967206173e-01 1.146145312403942906e+00 1.257023121325176085e+01 2.623485464869448691e+01
1.280092901150159668e-01 1.147943363347501800e+00 1.232360550579988079e+01 2.622999762331485485e+01
1.292958048689975825e-01 1.149751154376795537e+00 1.208185643196515002e+01 2.622505927188925767e+01
1.305952493112129964e-01 1.151568772657602269e+00 1.184488724978183605e+01 2.622003870475930043e+01
1.319077533871892416e-01 1.153396293367416003e+00 1.161260313589713000e+01 2.621493503068980502e+01
1.332334483484277077e-01 1.155233779113544967e+00 1.138491114758373612e+01 2.620974735702963443e+01
1.345724667655292250e-01 1.157081279334628787e+00 1.116172018550466127e+01 2.620447478987341228e+01
1.359249425414514045e-01 1.158938829686140926e+00 1.094294095721514992e+01 2.619911643422414116e+01
1.372910109248989541e-01 1.160805326383452796e+00 1.072848592382290001e+01 2.619367143704004519e+01
1.386708085238485266e-01 1.162670169316450730e+00 1.051826913993151358e+01 2.618813930283308977e+01
1.400644733192098756e-01 1.164530097708714074e+00 1.031220648739895829e+01 2.618251924828957655e+01
1.414721446786239567e-01 1.166384336409899802e+00 1.011021555642924419e+01 2.617681039310651059e+01
1.428939633703996959e-01 1.168232061549068446e+00 9.912215571957352367e+00 2.617101185737232427e+01
1.443300715775912291e-01 1.170072399118103013e+00 9.718127361291051258e+00 2.616512276173514095e+01
1.457806129122159733e-01 1.171904423551908936e+00 9.527873322392622413e+00 2.615914222757114516e+01
1.472457324296161385e-01 1.173727156307134534e+00 9.341377392788839273e+00 2.615306937714984770e+01
1.487255766429644854e-01 1.175539564441118179e+00 9.158565019095412651e+00 2.614690333379970255e+01
1.502202935379155224e-01 1.177340559192694647e+00 8.979363127144933898e+00 2.614064322207056890e+01
1.517300325874043621e-01 1.179128994566443378e+00 8.803700092705389224e+00 2.613428816789533471e+01
1.532549447665940423e-01 1.180903665921878121e+00 8.631505712778167805e+00 2.612783729874862715e+01
1.547951825679732551e-01 1.182659507499542739e+00 8.462711130446043839e+00 2.612128988892999359e+01
1.563509000166056762e-01 1.184388107632685871e+00 8.297248819914230467e+00 2.611464533428354073e+01
1.579222526855326436e-01 1.186124573040645114e+00 8.135053117769814435e+00 2.610790137181914616e+01
1.595093977113304362e-01 1.187878985020282663e+00 7.976059339707843421e+00 2.610105671924775450e+01
1.611124938098243142e-01 1.189651914898625984e+00 7.820203968911637382e+00 2.609411046160511560e+01
1.627317012919600459e-01 1.191443953991143445e+00 7.667424749417230068e+00 2.608706168454546059e+01
1.643671820798351391e-01 1.193255714202348772e+00 7.517660661135648681e+00 2.607990947446828756e+01
1.660190997228913889e-01 1.195087828620429171e+00 7.370851895368983442e+00 2.607265291864446866e+01
1.676876194142696563e-01 1.196940952103685341e+00 7.226939830810714227e+00 2.606529110534077986e+01
1.693729080073294035e-01 1.198815761856481421e+00 7.085867010020310275e+00 2.605782312394399369e+01
1.710751340323344860e-01 1.200712957992230878e+00 6.947577116362917415e+00 2.605024806508403756e+01
1.727944677133059215e-01 1.202633154957064576e+00 6.812014950307058392e+00 2.604256502495316283e+01
1.745310809850445233e-01 1.204568292156609211e+00 6.679126323217798422e+00 2.603477343345607409e+01
1.762851475103246746e-01 1.206511673325334932e+00 6.548858142290300499e+00 2.602687266297438740e+01
1.780568426972606866e-01 1.208462932446633165e+00 6.421158433324264614e+00 2.601886184282706083e+01
1.798463437168475731e-01 1.210421667155295422e+00 6.295976254176939513e+00 2.601074010571799988e+01
1.816538295206785725e-01 1.212387437162478099e+00 6.173261674314748149e+00 2.600250658788840497e+01
1.834794808588403880e-01 1.214359762663240083e+00 6.052965754769058293e+00 2.599416042926749526e+01
1.853234802979881746e-01 1.216338122729350824e+00 5.935040528488507050e+00 2.598570077361986108e+01
1.871860122396024617e-01 1.218321953690143733e+00 5.819438981079759543e+00 2.597712676869025827e+01
1.890672629384296255e-01 1.220310647504274870e+00 5.706115031928870707e+00 2.596843756634636335e+01
1.909674205211071840e-01 1.222303550125386273e+00 5.595023515696159855e+00 2.595963232271746435e+01
1.928866750049768874e-01 1.224299959864692866e+00 5.486120164176789160e+00 2.595071019833056525e+01
1.948252183170865182e-01 1.226298000056891047e+00 5.379361579531956927e+00 2.594167040158750481e+01
1.967832443133827602e-01 1.228284531065666041e+00 5.274705139421685729e+00 2.593251257383142772e+01
1.987609487980969425e-01 1.230254585835814707e+00 5.172109138421429719e+00 2.592323603657281339e+01
2.007585295433255701e-01 1.232206158155060294e+00 5.071532724216791799e+00 2.591383999864588361e+01
2.027761863088078931e-01 1.234137142193890702e+00 4.972935856140541233e+00 2.590432367483175469e+01
2.048141208619017883e-01 1.236045330189767144e+00 4.876279289086310698e+00 2.589468628597237299e+01
2.068725369977609252e-01 1.237928410167721260e+00 4.781524557740018722e+00 2.588492705907995273e+01
2.089516405597141302e-01 1.239785598013774193e+00 4.688633972589160592e+00 2.587504516416215239e+01
2.110516394598503098e-01 1.241660314411628718e+00 4.597570894715119039e+00 2.586503807701052438e+01
2.131727436998093750e-01 1.243567335830411791e+00 4.508299198163887134e+00 2.585490441266644979e+01
2.153151653917830255e-01 1.245508022944578519e+00 4.420783380218764158e+00 2.584464331236907242e+01
2.174791187797256720e-01 1.247483805939826773e+00 4.334988643872752512e+00 2.583425391974708418e+01
2.196648202607795752e-01 1.249492541730883755e+00 4.250880860637095360e+00 2.582373552167349473e+01
2.218724884069141479e-01 1.251522787348911425e+00 4.168426524170783409e+00 2.581308776403291461e+01
2.241023439867837752e-01 1.253573391340229159e+00 4.087592862318727427e+00 2.580230989350277682e+01
2.263546099878046558e-01 1.255644327829705809e+00 4.008347761666279929e+00 2.579140111737567764e+01
2.286295116384538251e-01 1.257735542188956224e+00 3.930659747086472144e+00 2.578036064852470943e+01
2.309272764307920278e-01 1.259846949185105869e+00 3.854497969067720575e+00 2.576918770552440208e+01
2.332481341432133537e-01 1.261978431093309316e+00 3.779832191291991883e+00 2.575788151277207660e+01
2.355923168634231069e-01 1.264129835777171085e+00 3.706632778459039379e+00 2.574644130060615765e+01
2.379600590116467407e-01 1.266300974741469743e+00 3.634870684351373171e+00 2.573486630542439002e+01
2.403515973640723280e-01 1.268491621161916605e+00 3.564517440135569259e+00 2.572315576979968554e+01
2.427671710765279267e-01 1.270701507896971227e+00 3.495545142895132518e+00 2.571130894259425759e+01
2.452070217083978376e-01 1.272930325486981706e+00 3.427926444390310579e+00 2.569932507907222430e+01
2.476713932467784485e-01 1.275170864111205615e+00 3.361634505247055760e+00 2.568720370687633547e+01
2.501605321308773000e-01 1.277411084754455306e+00 3.296642998698322558e+00 2.567494453844970792e+01
2.526746872766569840e-01 1.279648828232202273e+00 3.232926173735658271e+00 2.566254690193224164e+01
2.552141101017273428e-01 1.281882014848216400e+00 3.170458792306749540e+00 2.565001012619284637e+01
2.577790545504868858e-01 1.284108441626370389e+00 3.109216118113042437e+00 2.563733354870622350e+01
2.603697771195181976e-01 1.286325779590968832e+00 3.049173906647480337e+00 2.562451651563411659e+01
2.629865368832369210e-01 1.288531571190631775e+00 2.990308395429447152e+00 2.561155838190020972e+01
2.656295955198001990e-01 1.290723227872941692e+00 2.932596294433165607e+00 2.559845851125665916e+01
2.682992173372741873e-01 1.292898027816124173e+00 2.876014776705654974e+00 2.558521627634299378e+01
2.709956693000653005e-01 1.295053113822940860e+00 2.820541469170521953e+00 2.557183105873643214e+01
2.737192210556169125e-01 1.297185491380819844e+00 2.766154443613757952e+00 2.555830224899498404e+01
2.764701449613741757e-01 1.299325558803344105e+00 2.712832346654022508e+00 2.554462793966430212e+01
2.792487161120202344e-01 1.301505315373660876e+00 2.660554245570445620e+00 2.553080619683236208e+01
2.820552123669854416e-01 1.303719776396329966e+00 2.609299467963007935e+00 2.551683654665848877e+01
2.848899143782341326e-01 1.305969322248300202e+00 2.559047774967852629e+00 2.550271830957156993e+01
2.877531056183297298e-01 1.308254302170363648e+00 2.509779330048782953e+00 2.548845081330018658e+01
2.906450724087821791e-01 1.310575030988694545e+00 2.461474690989999825e+00 2.547403339303231107e+01
2.935661039486805457e-01 1.312931785735886647e+00 2.414114802047795383e+00 2.545946539157734279e+01
2.965164923436130473e-01 1.315324802180892982e+00 2.367680986258136944e+00 2.544474615953026131e+01
2.994965326348777990e-01 1.317754271278337441e+00 2.322154937897151328e+00 2.542987505543648297e+01
3.025065228289873231e-01 1.320220335548621060e+00 2.277518715091527035e+00 2.541485144595714019e+01
3.055467639274693226e-01 1.322723085401244170e+00 2.233754732575714552e+00 2.539967470603617627e+01
3.086175599569672134e-01 1.325262555414629340e+00 2.190845754593370387e+00 2.538434421906553240e+01
3.117192179996430279e-01 1.327838322937635596e+00 2.148774886609466250e+00 2.536885939275850177e+01
3.148520482238856277e-01 1.330435721573722141e+00 2.107525523723992489e+00 2.535322019934667637e+01
3.180163639153282817e-01 1.333046267784659289e+00 2.067081414562037978e+00 2.533742636322883257e+01
3.212124815081768836e-01 1.335667626620389070e+00 2.027426651918675660e+00 2.532147736975597141e+01
3.244407206168543611e-01 1.338297289570884896e+00 1.988545644712353511e+00 2.530537271602565852e+01
3.277014040679616103e-01 1.340932571152121833e+00 1.950423111702921153e+00 2.528911191096485567e+01
3.309948579325611151e-01 1.343570605900353154e+00 1.913044075334969341e+00 2.527269447539535463e+01
3.343214115587838098e-01 1.346208345795644856e+00 1.876393855703948788e+00 2.525611994208140132e+01
3.376813976047644550e-01 1.348842558133080516e+00 1.840458064642497060e+00 2.523938785575991872e+01
3.410751520719077501e-01 1.351469823857226471e+00 1.805222599924661164e+00 2.522249777315119701e+01
3.445030143384884003e-01 1.354086536372498761e+00 1.770673639585512049e+00 2.520544926295121968e+01
3.479653271935898018e-01 1.356688900838952883e+00 1.736797636353761831e+00 2.518824190580567546e+01
3.514624368713826219e-01 1.359281776103116179e+00 1.703581335930905105e+00 2.517087494356264088e+01
3.549946930857489358e-01 1.361911506165397245e+00 1.671011854896800264e+00 2.515334599307715990e+01
3.585624490652536411e-01 1.364586717927709358e+00 1.639076459834102995e+00 2.513565420062061762e+01
3.621660615884679246e-01 1.367306696622208939e+00 1.607762645347499353e+00 2.511779909218222429e+01
3.658058910196471114e-01 1.370070549656374537e+00 1.577058154277634738e+00 2.509978020751579919e+01
3.694823013447675053e-01 1.372877196883264928e+00 1.546950972758927678e+00 2.508159710047958768e+01
3.731956602079253837e-01 1.375725361176733941e+00 1.517429325377105398e+00 2.506324933935988142e+01
3.769463389481014226e-01 1.378613559385184928e+00 1.488481670424520509e+00 2.504473650717553213e+01
3.807347126362952694e-01 1.381540093737328334e+00 1.460096695251389631e+00 2.502605820195939046e+01
3.845611601130328183e-01 1.384503043772366881e+00 1.432263311710907150e+00 2.500721403701605539e+01
3.884260640262502395e-01 1.387500258865326019e+00 1.404970651696451300e+00 2.498820364115197989e+01
3.923298108695598696e-01 1.390529351415644710e+00 1.378208062768980779e+00 2.496902665887586181e+01
3.962727910208989623e-01 1.393587326810471705e+00 1.351965103082579445e+00 2.494968276515001193e+01
4.002553987815686831e-01 1.396666538551963210e+00 1.326231528713730734e+00 2.493017182615507821e+01
4.042780324156637350e-01 1.399762096773704556e+00 1.300997305997217746e+00 2.491049360067313856e+01
4.083410941898998892e-01 1.402870054099229602e+00 1.276252603034982780e+00 2.489064781500007939e+01
4.124449904138403622e-01 1.405986186625328926e+00 1.251987783042256774e+00 2.487063421196537405e+01
4.165901314805275923e-01 1.409105993391220668e+00 1.228193400480303232e+00 2.485045255086168581e+01
4.207769319075223557e-01 1.412224696956719594e+00 1.204860197266796940e+00 2.483010260733135866e+01
4.250058103783566077e-01 1.415337245104590913e+00 1.181979099062247185e+00 2.480958417320782416e+01
4.292771897844013806e-01 1.418438313673479279e+00 1.159541211630640722e+00 2.478889705631547713e+01
4.335914972671566781e-01 1.421522310518881227e+00 1.137537817272860741e+00 2.476804108022484030e+01
4.379491642609662505e-01 1.424625875269158071e+00 1.115960448474192068e+00 2.474701437327863829e+01
4.423506265361606959e-01 1.427801174306469800e+00 1.094800828107345358e+00 2.472581448354154432e+01
4.467963242426355452e-01 1.431047949079065740e+00 1.074050745501342607e+00 2.470444110295550999e+01
4.512867019538661650e-01 1.434354541203955113e+00 1.053702133437238730e+00 2.468289439040844258e+01
4.558222087113656396e-01 1.437715735481128077e+00 1.033747097102481804e+00 2.466117424558352411e+01
4.604032980695894062e-01 1.441128757858070486e+00 1.014177902946779009e+00 2.463928047600597182e+01
4.650304281412908636e-01 1.444590458851221726e+00 9.949869705314191570e-01 2.461721291150299962e+01
4.697040616433330595e-01 1.448097303628078647e+00 9.761668694961895820e-01 2.459497140446091024e+01
4.744246659429608437e-01 1.451645363805588396e+00 9.577103165889605529e-01 2.457255583000767274e+01
4.791927131045382593e-01 1.455230311087101436e+00 9.396101727565420170e-01 2.454996608611766007e+01
4.840086799367546710e-01 1.458847412845077685e+00 9.218594402954701783e-01 2.452720209363420167e+01
4.888730480403067347e-01 1.462491529740034713e+00 9.044512600613083819e-01 2.450426379620851947e+01
4.937863038560583173e-01 1.466157115448131654e+00 8.873789087351482419e-01 2.448115116015198112e+01
4.987489387136854746e-01 1.469838218550660436e+00 8.706357961459508799e-01 2.445786417420055869e+01
5.037614488808095370e-01 1.473528318522147496e+00 8.542154624062684443e-01 2.443440285608848583e+01
5.088243356126241901e-01 1.477215832279212160e+00 8.381115690770375437e-01 2.441076743524609682e+01
5.139381052020219887e-01 1.480891788943052179e+00 8.223179078788928065e-01 2.438695803655643957e+01
5.191032690302229691e-01 1.484548360737127926e+00 8.068283957349103863e-01 2.436297474282915232e+01
5.243203436179145749e-01 1.488177359304994951e+00 7.916370701297767987e-01 2.433881765654064466e+01
5.295898506769030067e-01 1.491824126861408750e+00 7.767381572641484100e-01 2.431448469140599045e+01
5.349123171622854889e-01 1.495545154336091587e+00 7.621260074137535812e-01 2.428997335737610541e+01
5.402882753251460057e-01 1.499338020013034178e+00 7.477950037575038511e-01 2.426528361365924269e+01
5.457182627657806151e-01 1.503199175692125911e+00 7.337396395397842719e-01 2.424041547394362439e+01
5.512028224874586657e-01 1.507124539937991337e+00 7.199545166966730969e-01 2.421536898173346941e+01
5.567425029507226952e-01 1.511109484793085489e+00 7.064343437125250036e-01 2.419014421066117748e+01
5.623378581282354460e-01 1.515148825507344865e+00 6.931739335222313336e-01 2.416474126466804151e+01
5.679894475601774406e-01 1.519236797175919973e+00 6.801682014389700548e-01 2.413916027872485515e+01
5.736978364102014449e-01 1.523366452710616992e+00 6.674121624634385963e-01 2.411340144340043423e+01
5.794635955219497037e-01 1.527530834425010919e+00 6.549009307059485696e-01 2.408746495579188007e+01
5.852873014761380555e-01 1.531722884300217302e+00 6.426297172851571649e-01 2.406135102348822485e+01
5.911695366482151437e-01 1.535935015349017441e+00 6.305938279196497964e-01 2.403505988221432688e+01
5.971108892665999424e-01 1.540159120202191811e+00 6.187886610776481833e-01 2.400859179524193721e+01
6.031119534715053687e-01 1.544386583010112446e+00 6.072097061646599681e-01 2.398194705266646309e+01
6.091733293743530897e-01 1.548608294619159498e+00 5.958525417479685338e-01 2.395512597055384063e+01
6.152956231177842961e-01 1.552814670948761577e+00 5.847128338169527151e-01 2.392812888996092013e+01
6.214794469362752150e-01 1.556995674462297252e+00 5.737863340782068944e-01 2.390095617583485677e+01
6.277254192173611358e-01 1.561174019629660847e+00 5.630689110169972977e-01 2.387360682796879274e+01
6.340341645634750556e-01 1.565431559685399820e+00 5.525565699360370786e-01 2.384607742032421029e+01
6.404063138544089373e-01 1.569766290521724450e+00 5.422453103614367498e-01 2.381836807903536979e+01
6.468425043104019112e-01 1.574174909955244672e+00 5.321312098103604393e-01 2.379047899278669220e+01
6.533433795558631907e-01 1.578654509563789832e+00 5.222104238351473748e-01 2.376241034350158188e+01
6.599095896837345876e-01 1.583198982616461858e+00 5.124791812060515150e-01 2.373416245598720664e+01
6.665417913205009537e-01 1.587801520021979051e+00 5.029337848893196128e-01 2.370573569191900987e+01
6.732406476918525451e-01 1.592454628499755165e+00 4.935706106196673382e-01 2.367713044874238548e+01
6.800068286890093017e-01 1.597150132482517693e+00 4.843861054839386782e-01 2.364834715925798392e+01
6.868410109357090398e-01 1.601879180715036766e+00 4.753767865350693178e-01 2.361938629100845688e+01
6.937438778558717711e-01 1.606632257600331126e+00 4.665392394354168637e-01 2.359024834546766058e+01
7.007161197419421450e-01 1.611399199290523221e+00 4.578701171285787241e-01 2.356093385703260168e+01
7.077584338239185646e-01 1.616169214465364545e+00 4.493661385387422436e-01 2.353144339182441769e+01
7.148715243390779683e-01 1.620930909688377053e+00 4.410240872966942893e-01 2.350177754630301052e+01
7.220561026023996076e-01 1.625672319179606085e+00 4.328408104915745791e-01 2.347193694570488987e+01
7.293128870776970363e-01 1.630384107816483352e+00 4.248132198944936655e-01 2.344192210728511228e+01
7.366426034494647501e-01 1.635107876099826330e+00 4.169383271212935282e-01 2.341173138477862281e+01
7.440459846954485812e-01 1.639926827587778080e+00 4.092132312417555706e-01 2.338136141546271674e+01
7.515237711599421777e-01 1.644835417133154731e+00 4.016350197282063106e-01 2.335081266475799211e+01
7.590767106278236698e-01 1.649826906077070943e+00 3.942008368661390483e-01 2.332008565653754673e+01
7.667055583993339640e-01 1.654893718953903692e+00 3.869078829253938534e-01 2.328918095767251728e+01
7.744110773656076585e-01 1.660027438391326049e+00 3.797534130756949899e-01 2.325809917781094427e+01
7.821940380849625729e-01 1.665218806116340211e+00 3.727347363265450797e-01 2.322684096889021177e+01
7.900552188599566650e-01 1.670457730231160065e+00 3.658492144906651533e-01 2.319540702438074575e+01
7.979954058152179952e-01 1.675733298846473041e+00 3.590942611702389042e-01 2.316379807825714821e+01
8.060153929760596192e-01 1.681033800081498164e+00 3.524673407651218726e-01 2.313201490370037305e+01
8.141159823478804070e-01 1.686346748362111292e+00 3.459659675022259684e-01 2.310005831153554823e+01
8.222979839963681092e-01 1.691660290289647151e+00 3.395877053621644270e-01 2.306792908884642301e+01
8.305622161285062255e-01 1.696976739869011874e+00 3.333301754895798830e-01 2.303562741531825964e+01
8.389095051743947762e-01 1.702288047066293109e+00 3.271910392549700064e-01 2.300315393231212013e+01
8.473406858698939725e-01 1.707581688644563389e+00 3.211680015520239628e-01 2.297050948005187010e+01
8.558566013400999983e-01 1.712915149736902176e+00 3.152588546074350240e-01 2.293769185910963415e+01
8.644581031836562346e-01 1.718352374601559429e+00 3.094614353929467376e-01 2.290469865153266937e+01
8.731460515579150261e-01 1.723885626944432481e+00 3.037735798231187001e-01 2.287153059188049298e+01
8.819213152649535425e-01 1.729505947345731931e+00 2.981931659313524774e-01 2.283818847413932218e+01
8.907847718384557245e-01 1.735203377842788441e+00 2.927181131983797036e-01 2.280467314136254231e+01
8.997373076314647555e-01 1.740966967159353951e+00 2.873463817609310800e-01 2.277098548488936203e+01
9.087798179050204928e-01 1.746784783891909720e+00 2.820759716386421756e-01 2.273712644321471998e+01
9.179132069176857422e-01 1.752643937708397770e+00 2.769049219784773808e-01 2.270309700051184976e+01
9.271383880159729252e-01 1.758530608510927351e+00 2.718313103159581967e-01 2.266889818481202212e+01
9.364562837256796834e-01 1.764443933029768985e+00 2.668532590480658384e-01 2.263453045551883491e+01
9.458678258441418629e-01 1.770386648292617160e+00 2.619689291842630108e-01 2.259999412685430542e+01
9.553739555334143096e-01 1.776346303557522432e+00 2.571765100721722930e-01 2.256529019195498975e+01
9.649756234143876954e-01 1.782309587919505889e+00 2.524742264754160082e-01 2.253041968482608581e+01
9.746737896618514752e-01 1.788264077690768783e+00 2.478603387456271012e-01 2.249538360202854292e+01
9.844694241005124136e-01 1.794284024587385895e+00 2.433331832997230881e-01 2.246017909732522355e+01
9.943635063019771181e-01 1.800417743989338737e+00 2.388911145307139883e-01 2.242480454244916999e+01
1.004357025682711235e+00 1.806655268762749733e+00 2.345324906995946423e-01 2.238926092376211230e+01
1.014450981602980750e+00 1.812985488576457360e+00 2.302557019972812924e-01 2.235354928232735716e+01
1.024646383466788713e+00 1.819396157658928148e+00 2.260591699417481559e-01 2.231767071291154636e+01
1.034944250822818601e+00 1.825873911996311216e+00 2.219413467895865189e-01 2.228162636256768891e+01
1.045345613466387213e+00 1.832404296004771727e+00 2.179007149613891303e-01 2.224541742879834416e+01
1.055851511542426513e+00 1.838976097634554163e+00 2.139357883454581777e-01 2.220904496368252623e+01
1.066462995649499090e+00 1.845602102078640394e+00 2.100451203604340178e-01 2.217250894587595056e+01
1.077181126944859235e+00 1.852275120959926857e+00 2.062272839971516225e-01 2.213581026862485146e+01
1.088006977250567386e+00 1.858981574117105184e+00 2.024808776868172178e-01 2.209895011577890145e+01
1.098941629160676170e+00 1.865707093547895212e+00 1.988045272447016842e-01 2.206192970754304028e+01
1.109986176149488690e+00 1.872438725483785538e+00 1.951968862278574135e-01 2.202475019961353908e+01
1.121141722680907948e+00 1.879259275569761689e+00 1.916566726010875132e-01 2.198740840797909968e+01
1.132409384318883161e+00 1.886213914775984435e+00 1.881826126610481875e-01 2.194990292392005671e+01
1.143790287838967634e+00 1.893291383381149329e+00 1.847734350574584405e-01 2.191223492171935305e+01
1.155285571340997963e+00 1.900479139629165148e+00 1.814278930538773260e-01 2.187440563528558357e+01
1.166896384362903660e+00 1.907763373326621270e+00 1.781447640695280610e-01 2.183641635679701309e+01
1.178623887995662534e+00 1.915129030197735283e+00 1.749228492324681195e-01 2.179826843485716381e+01
1.190469254999410476e+00 1.922559846947186957e+00 1.717609729435415900e-01 2.175996327216770254e+01
1.202433669920719650e+00 1.930056699916321783e+00 1.686579889840627289e-01 2.172150148127643021e+01
1.214518329211052405e+00 1.937632487064282705e+00 1.656127776279441022e-01 2.168288313518437960e+01
1.226724441346408234e+00 1.945273881144994110e+00 1.626242316700769464e-01 2.164410952284027090e+01
1.239053226948172215e+00 1.952966089536487537e+00 1.596912652424512247e-01 2.160518199937973804e+01
1.251505918905178927e+00 1.960696477906686663e+00 1.568128146404387246e-01 2.156610181706543727e+01
1.264083762497001384e+00 1.968560445773598122e+00 1.539878728824508602e-01 2.152686522471300989e+01
1.276788015518480091e+00 1.976599592639002090e+00 1.512154331276835684e-01 2.148747103567702510e+01
1.289619948405504202e+00 1.984802430254172689e+00 1.484944904156948742e-01 2.144792054223625399e+01
1.302580844362055679e+00 1.993156025409196230e+00 1.458240591288528232e-01 2.140821510278246009e+01
1.315671999488531085e+00 2.001646011038864525e+00 1.432031726363832969e-01 2.136835614048782972e+01
1.328894722911352355e+00 2.010256609331055877e+00 1.406308829477080080e-01 2.132834514141572058e+01
1.342250336913880515e+00 2.018970666799097646e+00 1.381062603745851214e-01 2.128818365207875374e+01
1.355740177068645913e+00 2.027770708278715528e+00 1.356283935054836132e-01 2.124787322884104768e+01
1.369365592370905382e+00 2.036675009292407967e+00 1.331963994897430170e-01 2.120741374186020778e+01
1.383127945373543888e+00 2.045686275048247182e+00 1.308094077608384087e-01 2.116680581232790104e+01
1.397028612323330199e+00 2.054806675659887727e+00 1.284665645157319902e-01 2.112605008295519227e+01
1.411068983298542800e+00 2.064152384375830707e+00 1.261670647006648827e-01 2.108514181826091161e+01
1.425250462347980474e+00 2.073742580916019485e+00 1.239100900101883923e-01 2.104408094213124514e+01
1.439574467631365318e+00 2.083565205188577352e+00 1.216948292371280854e-01 2.100286886313272205e+01
1.454042431561162863e+00 2.093606424016709600e+00 1.195204866594165027e-01 2.096150707025657667e+01
1.468655800945822820e+00 2.103850639838970693e+00 1.173862817612082166e-01 2.091999713157133556e+01
1.483416037134460908e+00 2.114280514497838936e+00 1.152914489620883165e-01 2.087834069215956490e+01
1.498324616162996614e+00 2.124877008071211382e+00 1.132352373538853957e-01 2.083653947134416740e+01
1.513383028901756688e+00 2.135619432484635816e+00 1.112169104445818735e-01 2.079459525921886964e+01
1.528592781204563877e+00 2.146485519433145139e+00 1.092357459088021399e-01 2.075250991250696231e+01
1.543955394059322694e+00 2.157558846570438948e+00 1.072910621804344794e-01 2.071028016963941454e+01
1.559472403740121305e+00 2.168999631936821437e+00 1.053822084537392040e-01 2.066789914451285881e+01
1.575145361960859081e+00 2.180815191316191282e+00 1.035085074319287424e-01 2.062536740207531238e+01
1.590975836030418256e+00 2.192997510088562141e+00 1.016692912530016007e-01 2.058268624845940309e+01
1.606965409009397439e+00 2.205536485738570640e+00 9.986390465099127811e-02 2.053985708673629063e+01
1.623115679868420314e+00 2.218419898601485585e+00 9.809170472773538763e-02 2.049688141732143976e+01
1.639428263648031292e+00 2.231633399566376408e+00 9.635206073229737878e-02 2.045376083755228436e+01
1.655904791620201433e+00 2.245160515148941549e+00 9.464435384764628700e-02 2.041049704042047708e+01
1.672546911451459284e+00 2.259051880702138249e+00 9.296799251179442558e-02 2.036708841071660103e+01
1.689356287367655307e+00 2.273443777454368320e+00 9.132241477276897834e-02 2.032352918397233310e+01
1.706334600320390082e+00 2.288328012690548086e+00 8.970703667230418843e-02 2.027982074152193803e+01
1.723483548155107403e+00 2.303693410676610931e+00 8.812128506225848368e-02 2.023596460487324933e+01
1.740804845780881127e+00 2.319525945531287103e+00 8.656459745292885422e-02 2.019196242844390099e+01
1.758300225341908218e+00 2.335822524361142349e+00 8.503642472863150170e-02 2.014781531282647720e+01
1.775971436390724856e+00 2.352626599551147724e+00 8.353623803528997804e-02 2.010352204985711211e+01
1.793820246063161372e+00 2.370075723596751782e+00 8.206353753308759380e-02 2.005907674992854339e+01
1.811848439255059784e+00 2.388322481648654794e+00 8.061783451015064328e-02 2.001447287018866206e+01
1.830057818800762348e+00 2.407370254507384733e+00 7.919861874299426174e-02 1.996971136071979913e+01
1.848450205653398015e+00 2.427217644792489359e+00 7.780538899865517555e-02 1.992479340744787919e+01
1.867027439066979433e+00 2.447859342902025226e+00 7.643765307977710977e-02 1.987972038739183844e+01
1.885791376780329376e+00 2.469293241887831947e+00 7.509492905739134638e-02 1.983449350615120110e+01
1.904743895202854587e+00 2.491724561585767717e+00 7.377678342142196533e-02 1.978910349948969483e+01
1.923886889602192340e+00 2.515232511211165534e+00 7.248276567479371157e-02 1.974354758601137760e+01
1.943222274293735063e+00 2.539819135203698952e+00 7.121241933853397765e-02 1.969782690196379704e+01
1.962751982832064090e+00 2.565481061563917198e+00 6.996529587146811668e-02 1.965194285361099347e+01
1.982477968204308549e+00 2.592260261771059948e+00 6.874096367829696241e-02 1.960589451789434534e+01
2.002402203025443583e+00 2.620451484060608571e+00 6.753904374613990680e-02 1.955966809119563621e+01
2.022526679735555888e+00 2.650203090004652040e+00 6.635913639666012054e-02 1.951325739372067858e+01
2.042853410799085889e+00 2.681545134224940785e+00 6.520082828950618525e-02 1.946666235263218070e+01
2.063384428906079204e+00 2.714524662623156281e+00 6.406371691675870339e-02 1.941988201306283202e+01
2.084121787175456042e+00 2.749405402768151596e+00 6.294744360748417977e-02 1.937290426568738866e+01
2.105067559360324303e+00 2.786279699560050283e+00 6.185162624613608356e-02 1.932572597422119998e+01
2.126223840055357694e+00 2.825180773780184396e+00 6.077587996633553730e-02 1.927834707826305305e+01
2.147592744906254847e+00 2.866298832359284177e+00 5.971985269775956229e-02 1.923075934062990910e+01
2.169176410821310519e+00 2.909846979415528168e+00 5.868320141798307604e-02 1.918295344420555182e+01
2.190976996185100223e+00 2.955860732070899832e+00 5.766556048668790985e-02 1.913492939239743507e+01
2.212996681074329341e+00 3.004469874746371172e+00 5.666658603475702854e-02 1.908668223693505794e+01
2.235237667475835632e+00 3.055851067710884106e+00 5.568594725503547838e-02 1.903820463577900313e+01
2.257702179506793971e+00 3.110066582238926181e+00 5.472330141841850321e-02 1.898949530901928640e+01
2.280392463637127776e+00 3.167207973542316868e+00 5.377831667109524150e-02 1.894055143479623737e+01
2.303310788914158636e+00 3.227414845741580329e+00 5.285067432080857441e-02 1.889136767304515629e+01
2.326459447189512364e+00 3.290723544603581630e+00 5.194004602267788401e-02 1.884194421455068635e+01
2.349840753348308553e+00 3.357092925538617934e+00 5.104609867318606053e-02 1.879228535619396823e+01
2.373457045540646515e+00 3.426507142281161045e+00 5.016850972187963248e-02 1.874239403676835281e+01
2.397310685415425802e+00 3.498716462833583396e+00 4.930693019475992228e-02 1.869228569676825913e+01
2.421404058356512401e+00 3.573687340761996900e+00 4.846104991075166069e-02 1.864196405691461322e+01
2.445739573721277704e+00 3.651048613004810761e+00 4.763051836915235815e-02 1.859145105255564090e+01
2.470319665081538663e+00 3.730659966456217891e+00 4.681502595609659395e-02 1.854075595174859004e+01
2.495146790466914233e+00 3.812169416246875997e+00 4.601424126145106652e-02 1.848989951856696479e+01
2.520223432610632308e+00 3.895379774169760445e+00 4.522786230281491959e-02 1.843889390144939000e+01
2.545552099197805340e+00 3.979964955946701188e+00 4.445557687419692677e-02 1.838775831363302871e+01
2.571135323116197746e+00 4.065599567937067782e+00 4.369708103235619284e-02 1.833651171775280986e+01
2.596975662709521515e+00 4.152119247683855541e+00 4.295209905522162641e-02 1.828516422436162259e+01
2.623075702033270673e+00 4.239249676558160651e+00 4.222034752424396603e-02 1.823373187854638999e+01
2.649438051113126136e+00 4.326872945273232851e+00 4.150156949264800776e-02 1.818222205652623913e+01
2.676065346205966033e+00 4.414659872665897211e+00 4.079548726750532872e-02 1.813065374989712453e+01
2.702960250063488168e+00 4.502596790170006358e+00 4.010186899469488087e-02 1.807902832910308177e+01
2.730125452198490787e+00 4.590546814111354124e+00 3.942047216340814619e-02 1.802735403208569309e+01
2.757563669153825447e+00 4.678478381115497520e+00 3.875107224036459380e-02 1.797563313541979468e+01
2.785277644774052597e+00 4.766346933849234802e+00 3.809344743076375356e-02 1.792386864287359671e+01
2.813270150479830090e+00 4.854116504376055019e+00 3.744738132816646109e-02 1.787206303232600035e+01
2.841543985545055939e+00 4.941809509852355120e+00 3.681266851351028963e-02 1.782021546600212858e+01
2.870101977376795954e+00 5.029470017186943309e+00 3.618910975152214021e-02 1.776832387206692587e+01
2.898946981798034006e+00 5.117110641143217009e+00 3.557650568410768849e-02 1.771638796467651389e+01
2.928081883333248481e+00 5.204774340564789270e+00 3.497466402861412055e-02 1.766440570570917856e+01
2.957509595496873978e+00 5.292507273532625511e+00 3.438339618893628685e-02 1.761237488261191331e+01
2.987233061084647812e+00 5.380296178426442033e+00 3.380251028931741120e-02 1.756029668538825206e+01
3.017255252467899052e+00 5.468278992616154355e+00 3.323183465472517861e-02 1.750816354766772420e+01
3.047579171890785421e+00 5.556544262147810720e+00 3.267119474499731446e-02 1.745597081539999351e+01
3.078207851770518033e+00 5.645098074223855456e+00 3.212041008198090325e-02 1.740371860035666174e+01
3.109144355000609483e+00 5.734155875775788225e+00 3.157932572991375975e-02 1.735139479506765525e+01
3.140391775257163953e+00 5.823762242700163405e+00 3.104777072009667557e-02 1.729899734496276764e+01
3.171953237308245299e+00 5.913913473124710052e+00 3.052557213216018986e-02 1.724652699086266239e+01
3.203831897326360867e+00 6.004833161403603015e+00 3.001258365410458193e-02 1.719397107333509567e+01
3.236030943204078358e+00 6.096566552020681762e+00 2.950864260226809116e-02 1.714132752824024664e+01
3.268553594872817047e+00 6.189122288669102190e+00 2.901358553948720290e-02 1.708859642068167162e+01
3.301403104624847096e+00 6.282885120629772224e+00 2.852728954960424140e-02 1.703575541554737072e+01
3.334582757438517842e+00 6.377951545863006722e+00 2.804960401229786640e-02 1.698279949734365601e+01
3.368095871306761246e+00 6.474319252720083462e+00 2.758037122305899078e-02 1.692972952762401562e+01
3.401945797568890484e+00 6.572326951930592465e+00 2.711946946735787831e-02 1.687652582222065689e+01
3.436135921245741631e+00 6.672044688928737699e+00 2.666675229276451939e-02 1.682318501224704477e+01
3.470669661378173121e+00 6.773461526657378329e+00 2.622206820782095951e-02 1.676970857609967780e+01
3.505550471368976240e+00 6.877129137116164692e+00 2.578532149094207512e-02 1.671606372292382048e+01
3.540781839328218883e+00 6.983250324699103118e+00 2.535638376885391773e-02 1.666223912049010991e+01
3.576367288422055424e+00 7.091830939644630405e+00 2.493511046688329930e-02 1.660823543780272615e+01
3.612310377225049773e+00 7.203408631697960196e+00 2.452140832455571712e-02 1.655402057006175909e+01
3.648614700076035611e+00 7.318197963713576115e+00 2.411515484367822773e-02 1.649958250205540722e+01
3.685283887437551975e+00 7.436273834314311770e+00 2.371621691001837146e-02 1.644491778576697172e+01
3.722321606258891968e+00 7.558532069707188938e+00 2.332453658282356360e-02 1.638997182190010093e+01
3.759731560342802759e+00 7.685255523840560876e+00 2.294000040040131139e-02 1.633472848229231289e+01
3.797517490715867972e+00 7.816719281560884802e+00 2.256249594075369208e-02 1.627917194662659739e+01
3.835683176002612438e+00 7.953983478481227998e+00 2.219197986519184582e-02 1.622323697974439227e+01
3.874232432803371484e+00 8.097300624850481299e+00 2.182833781134224313e-02 1.616690945461051143e+01
3.913169116075948306e+00 8.247555562301183585e+00 2.147151103862736388e-02 1.611013478585442371e+01
3.952497119521117597e+00 8.405786423409674413e+00 2.112145236458606162e-02 1.605284878947555072e+01
3.992220375971997637e+00 8.572460897821287062e+00 2.077806597612029058e-02 1.599502349509298504e+01
4.032342857787337032e+00 8.749141401083898373e+00 2.044134756955277854e-02 1.593656032229539399e+01
4.072868577248750732e+00 8.936424167519932737e+00 2.011121039005776823e-02 1.587742298000233454e+01
4.113801586961959522e+00 9.136041124844080485e+00 1.978766131057212163e-02 1.581750083635711768e+01
4.155145980262042293e+00 9.348940430000796553e+00 1.947064036425655287e-02 1.575673422290170755e+01
4.196905891622785489e+00 9.576598523702832821e+00 1.916013038036173954e-02 1.569502800931182840e+01
4.239085497070123942e+00 9.820033120356422174e+00 1.885607586704673988e-02 1.563231682963057523e+01
4.281689014599751708e+00 1.008013417457610217e+01 1.855841181816768673e-02 1.556854291598653006e+01
4.324720704598926879e+00 1.035734453368103836e+01 1.826703899289724639e-02 1.550367766253950919e+01
4.368184870272507681e+00 1.065122774814803464e+01 1.798179219736092613e-02 1.543775065295087146e+01
4.412085858073281130e+00 1.096075028108649008e+01 1.770246480051557159e-02 1.537083170137319321e+01
4.456428058136612691e+00 1.128435084631390772e+01 1.742881655658682846e-02 1.530302608128094022e+01
4.501215904719459537e+00 1.161911527135122668e+01 1.716051028360412664e-02 1.523453243544603630e+01
4.546453876643805181e+00 1.196295331896762448e+01 1.689728310900182398e-02 1.516549385427172147e+01
4.592146497744538536e+00 1.231265828117696692e+01 1.663879525166563067e-02 1.509613151898367001e+01
4.638298337321848486e+00 1.266550632959582501e+01 1.638475333158228089e-02 1.502663547463018290e+01
4.684914010598151712e+00 1.301963213340184211e+01 1.613493814505152085e-02 1.495713674721114295e+01
4.731998179179623953e+00 1.337265884359819346e+01 1.588909776082222600e-02 1.488780398990407505e+01
4.779555551522357781e+00 1.372314245677452327e+01 1.564705733611715735e-02 1.481874128267291013e+01
4.827590883403219735e+00 1.406947289107129428e+01 1.540863453917210024e-02 1.475006538381057908e+01
4.876108978395429006e+00 1.441033792851469642e+01 1.517367375600347026e-02 1.468187317827623417e+01
4.925114688348915415e+00 1.474485084814558711e+01 1.494205561967687328e-02 1.461423115067754708e+01
4.974612913875512632e+00 1.507192393077704651e+01 1.471364847282629305e-02 1.454722162345173864e+01
5.024608604839021275e+00 1.539102690500769910e+01 1.448836578713353848e-02 1.448088616575669185e+01
5.075106760850202292e+00 1.570173718395321494e+01 1.426613077847643796e-02 1.441525904254685386e+01
5.126112431766737920e+00 1.600370112143342283e+01 1.404687390285052837e-02 1.435036933101997647e+01
5.177630718198224180e+00 1.629712551034974410e+01 1.383056808473991442e-02 1.428620421129942919e+01
5.229666772016238419e+00 1.658197710087113919e+01 1.361716918047189279e-02 1.422276878382684728e+01
5.282225796869521872e+00 1.685850447927093398e+01 1.340665434291482376e-02 1.416004655132404721e+01
5.335313048704364292e+00 1.712711375290223259e+01 1.319901228202644862e-02 1.409800858862079131e+01
5.388933836290185297e+00 1.738821176627718401e+01 1.299423145728101532e-02 1.403662559263996812e+01
5.443093521750429709e+00 1.764203817025960674e+01 1.279228816293160459e-02 1.397588088746775270e+01
5.497797521098774176e+00 1.788925327863986681e+01 1.259318882175139258e-02 1.391572442207935723e+01
5.553051304780740161e+00 1.813054396766640508e+01 1.239694059280232151e-02 1.385610370743776620e+01
5.608860398220744337e+00 1.836606656509743374e+01 1.220351236689687195e-02 1.379700780603084098e+01
5.665230382374637053e+00 1.859606901736333029e+01 1.201287982445001408e-02 1.373841823977675425e+01
5.722166894287807892e+00 1.882123088135699973e+01 1.182504875298063043e-02 1.368028157554505952e+01
5.779675627658894754e+00 1.904174905699890985e+01 1.163999041105594559e-02 1.362258304638820050e+01
5.837762333409161286e+00 1.925771244668322524e+01 1.145766886161417829e-02 1.356531648524086187e+01
5.896432820257585306e+00 1.946934580788756364e+01 1.127805801682687376e-02 1.350846441424551969e+01
5.955692955301747027e+00 1.967728494692488184e+01 1.110115989458791176e-02 1.345197525491234281e+01
6.015548664604532192e+00 1.988165976139231717e+01 1.092694121533216954e-02 1.339583906798751300e+01
6.076005933786751356e+00 2.008251866680513231e+01 1.075536359390542179e-02 1.334005259482717065e+01
6.137070808625705531e+00 2.027989674786050500e+01 1.058638832209540630e-02 1.328461364659732880e+01
6.198749395659763017e+00 2.047419003855465292e+01 1.042000146122814067e-02 1.322948929942093699e+01
6.261047862799030028e+00 2.066564798687627302e+01 1.025617889050338925e-02 1.317465897293758204e+01
6.323972439942133761e+00 2.085428936474315975e+01 1.009488132920195562e-02 1.312012165478268777e+01
6.387529419599227154e+00 2.104013298168130319e+01 9.936070123100698009e-03 1.306587630699352509e+01
6.451725157521237541e+00 2.122319984202887611e+01 9.779707376363312374e-03 1.301192167632898489e+01
6.516566073335456011e+00 2.140363981933370852e+01 9.625764202370813011e-03 1.295824516164952556e+01
6.582058651187498555e+00 2.158156166196053505e+01 9.474209281797084728e-03 1.290483771658295709e+01
6.648209440389726055e+00 2.175698392454547658e+01 9.325005868513175367e-03 1.285169818870417124e+01
6.715025056076187937e+00 2.192992511165669711e+01 9.178117795123858641e-03 1.279882540952518610e+01
6.782512179864127688e+00 2.210040367590477572e+01 9.033509463249890167e-03 1.274621819474109152e+01
6.850677560522167475e+00 2.226845120140570700e+01 8.891146675672000066e-03 1.269387414280184245e+01
6.919528014645176306e+00 2.243419348184712803e+01 8.751001706423042897e-03 1.264178222613283609e+01
6.989070427335941638e+00 2.259767936804631816e+01 8.613042272735113580e-03 1.258993838931014331e+01
7.059311752893686176e+00 2.275892460308060450e+01 8.477234496107806036e-03 1.253834158376540486e+01
7.130259015509499143e+00 2.291793130536112955e+01 8.343544192528170103e-03 1.248699200667553910e+01
7.201919309968765504e+00 2.307471523492277043e+01 8.211938581478948548e-03 1.243588857427056382e+01
7.274299802360647327e+00 2.322929217872775354e+01 8.082385403696761006e-03 1.238503018350863094e+01
7.347407730794703440e+00 2.338163392967194198e+01 7.954850207826200115e-03 1.233441990574187663e+01
7.421250406124697996e+00 2.353170451378799655e+01 7.829298688302257364e-03 1.228406155441973802e+01
7.495835212679700099e+00 2.367952128513663368e+01 7.705700375602116473e-03 1.223395385254348078e+01
7.571169609002518897e+00 2.382510228226394133e+01 7.584025319982609301e-03 1.218409543871885070e+01
7.647261128595568280e+00 2.396846546464917438e+01 7.464244036339634514e-03 1.213448493999530875e+01
7.724117380674215383e+00 2.410962871369093108e+01 7.346327496671767668e-03 1.208512097196025969e+01
7.801746050927716780e+00 2.424860983378308532e+01 7.230247122676406769e-03 1.203600213882743475e+01
7.880154902287785923e+00 2.438541994591968631e+01 7.115974385573027236e-03 1.198712769537911704e+01
7.959351775704902821e+00 2.452002742949875369e+01 7.003478696691533938e-03 1.193850117018848955e+01
8.039344590932406831e+00 2.465244192393814870e+01 6.892732427677517038e-03 1.189012194872953820e+01
8.120141347318476477e+00 2.478268165954170499e+01 6.783708886631214900e-03 1.184198854065969364e+01
8.201750124606087766e+00 2.491072831593091763e+01 6.676379676834250619e-03 1.179410318106419453e+01
8.284179083740971450e+00 2.503659076371447867e+01 6.570718461807597936e-03 1.174646531171193509e+01
8.367436467687737078e+00 2.516028817719545430e+01 6.466699913400527321e-03 1.169907330069388962e+01
8.451530602254159419e+00 2.528183962048967359e+01 6.364299088516840903e-03 1.165192550697984153e+01
8.536469896923771117e+00 2.540126405069139537e+01 6.263491423108305707e-03 1.160502028034359689e+01
8.622262845696823774e+00 2.551857768088840928e+01 6.164252576170039903e-03 1.155835624272426188e+01
8.708918027939690276e+00 2.563378463630264648e+01 6.066557906012773685e-03 1.151193328786197334e+01
8.796444109242804288e+00 2.574690852056601287e+01 5.970384259966329300e-03 1.146574920991215052e+01
8.884849842287238175e+00 2.585797696191956874e+01 5.875709058785106784e-03 1.141980134398521152e+01
8.974144067719969087e+00 2.596701719744466175e+01 5.782510038128014021e-03 1.137408703733530757e+01
9.064335715037948660e+00 2.607405608657905205e+01 5.690765244770423087e-03 1.132860364863449121e+01
9.155433803481070498e+00 2.617912012426880608e+01 5.600453032839357130e-03 1.128334854725906844e+01
9.247447442934092265e+00 2.628223545377602832e+01 5.511552060073612175e-03 1.123831911258616145e+01
9.340385834837640289e+00 2.638342787916236176e+01 5.424041284110460090e-03 1.119351273329815122e+01
9.434258273108353521e+00 2.648270183659776933e+01 5.337898816816028652e-03 1.114892919188250886e+01
9.529074145068285873e+00 2.658005236312882502e+01 5.253102621345245166e-03 1.110456932698296306e+01
9.624842932383645078e+00 2.667549548982577079e+01 5.169632146417687396e-03 1.106043158857266562e+01
9.721574212012972893e+00 2.676901580164026129e+01 5.087465477423155046e-03 1.101651804867817752e+01
9.819277657164841244e+00 2.686061384666258434e+01 5.006581926283905880e-03 1.097282893456004338e+01
9.917963038265181552e+00 2.695030968764890389e+01 4.926962166910295489e-03 1.092936220108226131e+01
1.001764022393434850e+01 2.703812326373392239e+01 4.848587158977254660e-03 1.088611579649593430e+01
1.011831918197396973e+01 2.712407439562153044e+01 4.771438143747822047e-03 1.084308766214194719e+01
1.022000998036374853e+01 2.720818279072513235e+01 4.695496639959298620e-03 1.080027573214604253e+01
1.032272278826826906e+01 2.729046804826311501e+01 4.620744439771640524e-03 1.075767793310479092e+01
1.042646787705391098e+01 2.737094966431484266e+01 4.547163604777199573e-03 1.071529218376211112e+01
1.053125562131601178e+01 2.744964703684290797e+01 4.474736462071482630e-03 1.067311639467447826e+01
1.063709649991631956e+01 2.752657947068740896e+01 4.403445600384258557e-03 1.063114846786393386e+01
1.074400109703089434e+01 2.760176618253866820e+01 4.333273866270430721e-03 1.058938629645754048e+01
1.085198010320853612e+01 2.767521691287500474e+01 4.264203882860406573e-03 1.054782894544321614e+01
1.096104431643984967e+01 2.774691249306427920e+01 4.196217092308916936e-03 1.050647911170065285e+01
1.107120464323703857e+01 2.781686419693767931e+01 4.129296781844026334e-03 1.046533566607368115e+01
1.118247209972458478e+01 2.788508806851913846e+01 4.063426734339832189e-03 1.042439686537218257e+01
1.129485781274086165e+01 2.795159709224667566e+01 3.998590826418752658e-03 1.038366134815306019e+01
1.140837302095082606e+01 2.801639740265353140e+01 3.934772845406439741e-03 1.034312862988516102e+01
1.152302907596989456e+01 2.807950606861720999e+01 3.871957372071926310e-03 1.030279679795100378e+01
1.163883744349911531e+01 2.814094136585517703e+01 3.810129278533615649e-03 1.026266376533765090e+01
1.175580970447175133e+01 2.820072153859631214e+01 3.749273662212517476e-03 1.022272743098668535e+01
1.187395755621137283e+01 2.825886480384705379e+01 3.689375842522522615e-03 1.018298567931619303e+01
1.199329281360161481e+01 2.831538935571142090e+01 3.630421357616900931e-03 1.014343637971371948e+01
1.211382741026766041e+01 2.837031336977380036e+01 3.572395961190165999e-03 1.010407738599874605e+01
1.223557339976962410e+01 2.842365500755384389e+01 3.515285619335218031e-03 1.006490653585099970e+01
1.235854295680790749e+01 2.847543242104376304e+01 3.459076507455034755e-03 1.002592165020263337e+01
1.248274837844069296e+01 2.852566227560852141e+01 3.403754936410664442e-03 9.987120740381142170e+00
1.260820208531364628e+01 2.857432009473854606e+01 3.349305479739344941e-03 9.948507574131292941e+00
1.273491662290200210e+01 2.862140738052791633e+01 3.295714207434501802e-03 9.910082298067052875e+00
1.286290466276511424e+01 2.866693924695963958e+01 3.242968045871172898e-03 9.871843145588831803e+00
1.299217900381362689e+01 2.871093093649742656e+01 3.191054124754962897e-03 9.833788319534935596e+00
1.312275257358936997e+01 2.875339782203838013e+01 3.139959773886975662e-03 9.795915991523681754e+00
1.325463842955813654e+01 2.879435540906079538e+01 3.089672519994269770e-03 9.758224301242471199e+00
1.338784976041542762e+01 2.883381933797758379e+01 3.040180083624933766e-03 9.720711355680437649e+00
1.352239988740533860e+01 2.887180538670893881e+01 2.991470376107390437e-03 9.683375228299446746e+00
1.365830226565269534e+01 2.890832947348839710e+01 2.943531496573034527e-03 9.646213958139766120e+00
1.379557048550857523e+01 2.894340765991789155e+01 2.896351729041905538e-03 9.609225548854356092e+00
1.393421827390934986e+01 2.897705615429031667e+01 2.849919539570856548e-03 9.572407967666537232e+00
1.407425949574940027e+01 2.900929131519894710e+01 2.804223573463834798e-03 9.535759144244755348e+00
1.421570815526762033e+01 2.904012965545581082e+01 2.759252652544166504e-03 9.499276969487103983e+00
1.435857839744782538e+01 2.906958771758563742e+01 2.714995766708367363e-03 9.462959314354895568e+00
1.450288450943330076e+01 2.909765378292185289e+01 2.671440814119037561e-03 9.426808466039155121e+00
1.464864092195549361e+01 2.912431888407297009e+01 2.628576025285379782e-03 9.390826306637235277e+00
1.479586221077712516e+01 2.914960036972231094e+01 2.586390980456920556e-03 9.355010593426731802e+00
1.494456309814976080e+01 2.917351570959449347e+01 2.544875419505759385e-03 9.319359046588624906e+00
1.509475845428605467e+01 2.919608250044768383e+01 2.504019239659300775e-03 9.283869347585417486e+00
1.524646329884678408e+01 2.921731847249060010e+01 2.463812493288403301e-03 9.248539137407815858e+00
1.539969280244282679e+01 2.923723223002642868e+01 2.424244984281130871e-03 9.213367540469583616e+00
1.555446228815223542e+01 2.925583161612818373e+01 2.385306643932706434e-03 9.178353803167826896e+00
1.571078723305255309e+01 2.927313455952661059e+01 2.346987991056789617e-03 9.143495499256326653e+00
1.586868326976854249e+01 2.928915932195630845e+01 2.309279698376299518e-03 9.108790126023944111e+00
1.602816618803545623e+01 2.930392444567587162e+01 2.272172587723773115e-03 9.074235111394729714e+00
1.618925193627801917e+01 2.931744876241362974e+01 2.235657627965180125e-03 9.039827810827834043e+00
1.635195662320530019e+01 2.932975140320403895e+01 2.199725932997202097e-03 9.005565503946620254e+00
1.651629651942158006e+01 2.934085180920567026e+01 2.164368759820547473e-03 8.971445390867550884e+00
1.668228805905342682e+01 2.935073359912901125e+01 2.129575989090941833e-03 8.937470957307922959e+00
1.684994784139313140e+01 2.935933252386829295e+01 2.095335696340164602e-03 8.903654182533088601e+00
1.701929263255864555e+01 2.936666800084434925e+01 2.061639656256158016e-03 8.869992372437069506e+00
1.719033936717020694e+01 2.937275948795186409e+01 2.028479764599487589e-03 8.836482799944278099e+00
1.736310515004381472e+01 2.937762670473100712e+01 1.995848045690585583e-03 8.803122663413860849e+00
1.753760725790173325e+01 2.938128964575116342e+01 1.963736650874626111e-03 8.769909082381566634e+00
1.771386314110015903e+01 2.938376859525700979e+01 1.932137857061179192e-03 8.736839092906009796e+00
1.789189042537429586e+01 2.938508414322011930e+01 1.901044065343126047e-03 8.703909642472725139e+00
1.807170691360093073e+01 2.938525720295979582e+01 1.870447799699651243e-03 8.671117584404846923e+00
1.825333058757873417e+01 2.938430903051968102e+01 1.840341705789344398e-03 8.638459671719981969e+00
1.843677960982645203e+01 2.938226124601309763e+01 1.810718549840066929e-03 8.605932550365739786e+00
1.862207232539918422e+01 2.937913585718138521e+01 1.781571217643575710e-03 8.573532751755349679e+00
1.880922726372290299e+01 2.937495528544595302e+01 1.752892713664167944e-03 8.541256684513163222e+00
1.899826314044740627e+01 2.936974239477728332e+01 1.724676160271988463e-03 8.509100625326645684e+00
1.918919885931788727e+01 2.936348202835566568e+01 1.696913265276932129e-03 8.477068361192479529e+00
1.938205351406535470e+01 2.935605307142367337e+01 1.669591708346187479e-03 8.445184875376437361e+00
1.957684639031599616e+01 2.934745793240638534e+01 1.642704294705956509e-03 8.413450777959571525e+00
1.977359696751976159e+01 2.933771593284801327e+01 1.616244603733287075e-03 8.381863293960659433e+00
1.997232492089832689e+01 2.932684651065535419e+01 1.590206312429725578e-03 8.350419592289052062e+00
2.017305012341264359e+01 2.931486923957814383e+01 1.564583194715091306e-03 8.319116780171624370e+00
2.037579264775023447e+01 2.930180385060995008e+01 1.539369120799153300e-03 8.287951896950749742e+00
2.058057276833248039e+01 2.928767025557974080e+01 1.514558056639550955e-03 8.256921907166359986e+00
2.078741096334209715e+01 2.927248857325016473e+01 1.490144063496042729e-03 8.226023692819316224e+00
2.099632791677094801e+01 2.925627915828918546e+01 1.466121297592691292e-03 8.195254044697083629e+00
2.120734452048847629e+01 2.923906263354551527e+01 1.442484009901873112e-03 8.164609652621162894e+00
2.142048187633089640e+01 2.922085992613215666e+01 1.419226546066314123e-03 8.134087094451794897e+00
2.163576129821140981e+01 2.920168622735786812e+01 1.396343114655715237e-03 8.103684169039500063e+00
2.185320431425160592e+01 2.918155390306612063e+01 1.373827905987174379e-03 8.073399270083369217e+00
2.207283266893429285e+01 2.916047708728553900e+01 1.351675262573342291e-03 8.043230402638810617e+00
2.229466832527796427e+01 2.913839039487827520e+01 1.329876621537201065e-03 8.013193574529344332e+00
2.251873346703310830e+01 2.911529550057301563e+01 1.308426109386326723e-03 7.983289787239578494e+00
2.274505050090063563e+01 2.909121476586731703e+01 1.287318716931255868e-03 7.953515331328301130e+00
2.297364205877252274e+01 2.906617130337420818e+01 1.266549534390722489e-03 7.923866263487361117e+00
2.320453099999505397e+01 2.904018905512259607e+01 1.246113752529460486e-03 7.894338380638881603e+00
2.343774041365475824e+01 2.901329288258818195e+01 1.226006664191796368e-03 7.864927190136448587e+00
2.367329362088733902e+01 2.898550867063854142e+01 1.206223666303135903e-03 7.835627875334458814e+00
2.391121417720982123e+01 2.895686344807424817e+01 1.186760262428487173e-03 7.806435255620175262e+00
2.415152587487610703e+01 2.892738552807653463e+01 1.167612065998837418e-03 7.777343739787305310e+00
2.439425274525621035e+01 2.889710467268000471e+01 1.148774804343698826e-03 7.748347271355912724e+00
2.463941906123945458e+01 2.886605228642845589e+01 1.130244323704375021e-03 7.719439264085146135e+00
2.488704933966174337e+01 2.883426164572705375e+01 1.112016595449345823e-03 7.690612525461676618e+00
2.513716834375727061e+01 2.880176817218332275e+01 1.094087723775423156e-03 7.661859165333346766e+00
2.538980108563488969e+01 2.876860299708602753e+01 1.076453708432870962e-03 7.633172236311120962e+00
2.564497282877930218e+01 2.873460761602413172e+01 1.059103747662401866e-03 7.604593881987009141e+00
2.590270909057747772e+01 2.869974290810636219e+01 1.042031588697804384e-03 7.576135899726864409e+00
2.616303564487037292e+01 2.866403650876632625e+01 1.025233482568482964e-03 7.547792811789379108e+00
2.642597852453036111e+01 2.862751787240797441e+01 1.008705798081525277e-03 7.519558537343289828e+00
2.669156402406452244e+01 2.859021858938391958e+01 9.924450309509013496e-04 7.491426284896264498e+00
2.695981870224413868e+01 2.855217277634013939e+01 9.764478153520576506e-04 7.463388419533948159e+00
2.723076938476056341e+01 2.851341756131190408e+01 9.607109386211361464e-04 7.435436297544497641e+00
2.750444316690784774e+01 2.847399369263328595e+01 9.452313600810519339e-04 7.407560058316557949e+00
2.778086741629227063e+01 2.843394631173099540e+01 9.300062353556469040e-04 7.379748359536451474e+00
2.806006977556912574e+01 2.839332594594660364e+01 9.150329480885453651e-04 7.351988036063589860e+00
2.834207816520699907e+01 2.835218980145438650e+01 9.003091518144488862e-04 7.324263654436274251e+00
2.862692078627987513e+01 2.831060347274214806e+01 8.858328260001990372e-04 7.296556922119841637e+00
2.891462612328722770e+01 2.826864324187129185e+01 8.716023522624584277e-04 7.268845890543996546e+00
2.920522294700250754e+01 2.822639379954292593e+01 8.576164275196469181e-04 7.241105483690741806e+00
2.949874031735025426e+01 2.818357650778313328e+01 8.438609792586845458e-04 7.213419182572378574e+00
2.979520758631210242e+01 2.813996558394685010e+01 8.303241041655179139e-04 7.185856504251807664e+00
3.009465440086200516e+01 2.809559077033881280e+01 8.170030465988947299e-04 7.158410845282282331e+00
3.039711070593095599e+01 2.805048641051390845e+01 8.038952529271187024e-04 7.131073990975924204e+00
3.070260674740150719e+01 2.800469325064003101e+01 7.909984312192439113e-04 7.103835480709735251e+00
3.101117307513239041e+01 2.795826116517091009e+01 7.783106422992528946e-04 7.076681644599292831e+00
3.132284054601351997e+01 2.791125342057458525e+01 7.658304431727223742e-04 7.049594091816118180e+00
3.163764032705170237e+01 2.786361879041572820e+01 7.535524073448307157e-04 7.022591178534389300e+00
3.195560389848737515e+01 2.781527213357009742e+01 7.414700359776083037e-04 6.995702839372002657e+00
3.227676305694266290e+01 2.776626241609638157e+01 7.295815993311216031e-04 6.968915470251073607e+00
3.260114991860103117e+01 2.771666103564394845e+01 7.178861757909240715e-04 6.942207477502040369e+00
3.292879692241898226e+01 2.766657988750789343e+01 7.063842696886647428e-04 6.915542747388064626e+00
3.325973683336992082e+01 2.761621374670482965e+01 6.950792686121543603e-04 6.888855332426113698e+00
3.359400274572074352e+01 2.756595084153433106e+01 6.839812628859544968e-04 6.862009352730995104e+00
3.393162808634122030e+01 2.751586727650924047e+01 6.730893028270918321e-04 6.834975028694440624e+00
3.427264661804679946e+01 2.746508518082429262e+01 6.623693636889718423e-04 6.808061874194100582e+00
3.461709244297480126e+01 2.741382393516853000e+01 6.518260550651020988e-04 6.781193314765011415e+00
3.496500000599478852e+01 2.736074152641640467e+01 6.414089808934565155e-04 6.754868755852140971e+00
3.503500000600678277e+01 2.735011989970091051e+01 6.393481145493993493e-04 6.749589874067297934e+00
3.538710760986097625e+01 2.729544952228079424e+01 6.291015706893680155e-04 6.723696694184082112e+00
3.574275395396550437e+01 2.724232490595298728e+01 6.190929009092275507e-04 6.697105955994839377e+00
3.610197460325115770e+01 2.718785162272247291e+01 6.092179182108865615e-04 6.670900088355214308e+00
3.646480548008221945e+01 2.713255026950535864e+01 5.994922086022220565e-04 6.644888097994656739e+00
3.683128286784872074e+01 2.707652071652032433e+01 5.899165244934335018e-04 6.619036310377656385e+00
3.720144341459485560e+01 2.701980143514683874e+01 5.804894768573824705e-04 6.593334118626760443e+00
3.757532413668374716e+01 2.696241502265401380e+01 5.712091480980706305e-04 6.567776897086205601e+00
3.795296242249918350e+01 2.690437857004888045e+01 5.620734600318838536e-04 6.542362094110615089e+00
3.833439603618443670e+01 2.684570686508623183e+01 5.530802875340873163e-04 6.517088020068346310e+00
3.871966312141875477e+01 2.678641359168585367e+01 5.442275009042270512e-04 6.491953391526536166e+00
3.910880220523171147e+01 2.672677416988542731e+01 5.355222642896276990e-04 6.466845063894123058e+00
3.950185220185596080e+01 2.666734679934857866e+01 5.269816411185816599e-04 6.441523745251103605e+00
3.989885241661870907e+01 2.660801792295490387e+01 5.185989241911686870e-04 6.416033110904503012e+00
4.029984254987228809e+01 2.654873100345961845e+01 5.103695100359367624e-04 6.390393435701874125e+00
4.070486270096415637e+01 2.648931432489233373e+01 5.022847805070105622e-04 6.364677602989559979e+00
4.111395337224696078e+01 2.642964800249141888e+01 4.943380309625399144e-04 6.338938170943981376e+00
4.152715547312872246e+01 2.636964910260899941e+01 4.865239263649603170e-04 6.313213064023127430e+00
4.194451032416388614e+01 2.630926010469608300e+01 4.788380824028966114e-04 6.287530096782602662e+00
4.236605966118533928e+01 2.624844127505682678e+01 4.712767889327667908e-04 6.261909973688161379e+00
4.279184563947807618e+01 2.618716553925877477e+01 4.638368240554606101e-04 6.236368312814934534e+00
4.322191083799474853e+01 2.612541497511357136e+01 4.565153268642498617e-04 6.210917034660064395e+00
4.365629826361359989e+01 2.606317837401661919e+01 4.493097088275637059e-04 6.185565331180537640e+00
4.409505135543918186e+01 2.600044951826252770e+01 4.422175910492335475e-04 6.160320352668736454e+00
4.453821398914630691e+01 2.593722594592714614e+01 4.352367591491501501e-04 6.135187701895279844e+00
4.498583048136764972e+01 2.587352327553371723e+01 4.283656984249503024e-04 6.110163691334563829e+00
4.543794559412544487e+01 2.580955512223510340e+01 4.216103298876474150e-04 6.085137552278284900e+00
4.589460453930773554e+01 2.574535065167754055e+01 4.149697496551787036e-04 6.060093352742164541e+00
4.635585298318958536e+01 2.568086856020441289e+01 4.084404514590072081e-04 6.035053381747619738e+00
4.682173705099975791e+01 2.561607659234258350e+01 4.020192898742765337e-04 6.010036114832413290e+00
4.729230333153328303e+01 2.555094979551217804e+01 3.957034148615874822e-04 5.985056933136994495e+00
4.776759888181032920e+01 2.548546913708435824e+01 3.894902200222814673e-04 5.960128694873678690e+00
4.824767123178204287e+01 2.541963874938620904e+01 3.833780172577436023e-04 5.935251110209286196e+00
4.873256838908344690e+01 2.535350030420518053e+01 3.773666176565165006e-04 5.910400847064512853e+00
4.922233884383437186e+01 2.528703885420601338e+01 3.714536608276945901e-04 5.885588341762809428e+00
4.971703157348843405e+01 2.522024128150393452e+01 3.656368750366800172e-04 5.860823564263241359e+00
5.021669604773083506e+01 2.515309777437866146e+01 3.599141352046867173e-04 5.836115026013136919e+00
5.072138223342540897e+01 2.508560127770053683e+01 3.542834421494418925e-04 5.811470012652264039e+00
5.123114059961126543e+01 2.501774704157520901e+01 3.487429055150770133e-04 5.786894775767830623e+00
5.174602212254986000e+01 2.494953224933267322e+01 3.432907296727134741e-04 5.762394691478889719e+00
5.226607829082253431e+01 2.488100741568706553e+01 3.379273706350240472e-04 5.737937569224582646e+00
5.279136111047949242e+01 2.481229006829317640e+01 3.326562067809033484e-04 5.713439949550740415e+00
5.332192311024044784e+01 2.474335661238376360e+01 3.274747974623972943e-04 5.688916066893117573e+00
5.385781734674752386e+01 2.467418345938567725e+01 3.223807065184198183e-04 5.664381245082902971e+00
5.439909740987092590e+01 2.460475097919610477e+01 3.173716679561476356e-04 5.639848980656994470e+00
5.494581742806807512e+01 2.453504296711813026e+01 3.124455650825022288e-04 5.615331179235079517e+00
5.549803207379634529e+01 2.446504618480581428e+01 3.076004126314095055e-04 5.590838359552711800e+00
5.605579656898050445e+01 2.439474996498116610e+01 3.028343414381308419e-04 5.566379829599055640e+00
5.661916669053487539e+01 2.432414607018339225e+01 2.981455945744464664e-04 5.541963665942679640e+00
5.718819877594110324e+01 2.425324492455568048e+01 2.935332990727091535e-04 5.517582116448916274e+00
5.776294972888191381e+01 2.418205217732310075e+01 2.889964032391331337e-04 5.493230892265061449e+00
5.834347702493155907e+01 2.411055893859261801e+01 2.845331855586643623e-04 5.468918805402444683e+00
5.892983871730343282e+01 2.403875824513117365e+01 2.801420145304038870e-04 5.444653731642537409e+00
5.952209344265539670e+01 2.396664482106198335e+01 2.758213393920387656e-04 5.420442720209497800e+00
6.012030042695353416e+01 2.389421498614784412e+01 2.715696881134071713e-04 5.396291969081159934e+00
6.072451949139478700e+01 2.382150764395044718e+01 2.673878447390990983e-04 5.372163014780113599e+00
6.133481105838910707e+01 2.374855122647902661e+01 2.632762171155679336e-04 5.348023715248756638e+00
6.195123615760179092e+01 2.367533122921964406e+01 2.592330069336750320e-04 5.323886234860621514e+00
6.257385643205642367e+01 2.360183544751725648e+01 2.552565187588204431e-04 5.299761578944947260e+00
6.320273414429932757e+01 2.352805372495061320e+01 2.513451499544641426e-04 5.275659714559433056e+00
6.383793218262577795e+01 2.345397772933180036e+01 2.474973817755214125e-04 5.251589678181648679e+00
6.447951406736892466e+01 2.337960075344414079e+01 2.437117714907010473e-04 5.227559671696300647e+00
6.512754395725193035e+01 2.330491753786076714e+01 2.399869454090293040e-04 5.203577147938506009e+00
6.578208665580380909e+01 2.322992434912148596e+01 2.363216081776741860e-04 5.179648547711197537e+00
6.644320761783984608e+01 2.315462733152056174e+01 2.327151181200608351e-04 5.155766481395618328e+00
6.711097295600718837e+01 2.307902892721499200e+01 2.291666471690321171e-04 5.131927779600936823e+00
6.778544944739613243e+01 2.300312563387241838e+01 2.256749778150347874e-04 5.108138320550208000e+00
6.846670454021787577e+01 2.292691486870909756e+01 2.222389417569797278e-04 5.084403478553740641e+00
6.915480636054942920e+01 2.285039487077352405e+01 2.188574160119774795e-04 5.060728172434044048e+00
6.984982371914621524e+01 2.277356489780992987e+01 2.155293430053610690e-04 5.037116358090765189e+00
7.055182611832330508e+01 2.269644086025898488e+01 2.122551092568586938e-04 5.013538399130901269e+00
7.126088375890560656e+01 2.261903060218298123e+01 2.090346788998586171e-04 4.989973823367017225e+00
7.197706754724806899e+01 2.254132745415418881e+01 2.058668382045433689e-04 4.966430071772188093e+00
7.270044910232634550e+01 2.246332576389084323e+01 2.027504259796551094e-04 4.942914000233243677e+00
7.343110076289876531e+01 2.238502079851162918e+01 1.996843295370189235e-04 4.919431930508939566e+00
7.416909559474026992e+01 2.230640865582343579e+01 1.966674810446893042e-04 4.895989696594138074e+00
7.491450739794902347e+01 2.222748618384335728e+01 1.936988542287614717e-04 4.872592686900664383e+00
7.566741071432653598e+01 2.214825216168752320e+01 1.907776378390859035e-04 4.849241397543656795e+00
7.642788083483188188e+01 2.206870828935417350e+01 1.879035092003870488e-04 4.825924138486748838e+00
7.719599380711080983e+01 2.198885116302875886e+01 1.850755249534797057e-04 4.802645179176455059e+00
7.797182644310065314e+01 2.190867758492361261e+01 1.822927188273971511e-04 4.779409912437516894e+00
7.875545632671155261e+01 2.182818498192305512e+01 1.795541604302808584e-04 4.756223343294168515e+00
7.954696182158488682e+01 2.174737134673509331e+01 1.768589528144411495e-04 4.733090121030509856e+00
8.034642207892973431e+01 2.166623518430138162e+01 1.742062302595832565e-04 4.710014568498666065e+00
8.115391704543804963e+01 2.158477546300058947e+01 1.715951562526605765e-04 4.687000708918596992e+00
8.196952747127940597e+01 2.150299250162527187e+01 1.690256181972766831e-04 4.664033069896888151e+00
8.279333491817604340e+01 2.142088449445842357e+01 1.664977355880528057e-04 4.641089388224000523e+00
8.362542176755918888e+01 2.133844693357921685e+01 1.640107063990849481e-04 4.618172764160305199e+00
8.446587122880714560e+01 2.125567555721744384e+01 1.615637408415545370e-04 4.595286411343285415e+00
8.531476734756648739e+01 2.117256618851807559e+01 1.591561625159510602e-04 4.572430746302068805e+00
8.617219501415642924e+01 2.108911271703074419e+01 1.567879652507110947e-04 4.549587079740049056e+00
8.703823997205819296e+01 2.100530889239042764e+01 1.544584281363277183e-04 4.526757245449115175e+00
8.791298882648928270e+01 2.092114953716515302e+01 1.521666243536955003e-04 4.503949581370891408e+00
8.879652905306406296e+01 2.083663029392784694e+01 1.499116667743020264e-04 4.481171901698888682e+00
8.968894900654153446e+01 2.075174756314138946e+01 1.476927052252550055e-04 4.458431536261087125e+00
9.059033792966069143e+01 2.066649844566051542e+01 1.455089239817518179e-04 4.435735367026396148e+00
9.150078596206499526e+01 2.058088068957272299e+01 1.433595394671634260e-04 4.413089861931675628e+00
9.242038414931643331e+01 2.049489264110230025e+01 1.412437981425475938e-04 4.390501106218140492e+00
9.334922445200002983e+01 2.040853319930807075e+01 1.391609745689648516e-04 4.367974831456538531e+00
9.428739975492011638e+01 2.032180177431357393e+01 1.371103696273711032e-04 4.345516442431987869e+00
9.523500387638880227e+01 2.023469796345302996e+01 1.350913335725424972e-04 4.323130251920213496e+00
9.619213157760786714e+01 2.014721700342945354e+01 1.331036064816316011e-04 4.300808416292733583e+00
9.715887857214509893e+01 2.005935575320286901e+01 1.311467220782046642e-04 4.278549787871452459e+00
9.813534153550553185e+01 1.997111250837694030e+01 1.292201065978700568e-04 4.256356986034766976e+00
9.912161811479924722e+01 1.988248570576512009e+01 1.273232018143288802e-04 4.234232483890438381e+00
1.001178069385060354e+02 1.979347390668144868e+01 1.254554642904138519e-04 4.212178618830040300e+00
1.011240076263384964e+02 1.970407578152995498e+01 1.236163646817328948e-04 4.190197602340737681e+00
1.021403207992038489e+02 1.961429009559116210e+01 1.218053870885360600e-04 4.168291529132795326e+00
1.031668480892663524e+02 1.952411569591189888e+01 1.200220284518304205e-04 4.146462385636206172e+00
1.042036921501104558e+02 1.943355149921264768e+01 1.182657979900885657e-04 4.124712057916844365e+00
1.052509566670062355e+02 1.934259636103422508e+01 1.165362222359371286e-04 4.103042143204827852e+00
1.063087463672781610e+02 1.925124008722621127e+01 1.148332333277715222e-04 4.081440129174870535e+00
1.073771670307777271e+02 1.915947301038620054e+01 1.131566578997266121e-04 4.059897058225105937e+00
1.084563255004616593e+02 1.906729284712645978e+01 1.115059803020906529e-04 4.038416280839983941e+00
1.095463296930761743e+02 1.897469747999153356e+01 1.098806997250803389e-04 4.017000985025805271e+00
1.106472886099489301e+02 1.888168494208589010e+01 1.082803294666330392e-04 3.995654207620274789e+00
1.117593123478890647e+02 1.878826005767231067e+01 1.067041622865334821e-04 3.974387559243699020e+00
1.128825121101970552e+02 1.869443149940495630e+01 1.051514284308942195e-04 3.953215676876286278e+00
1.140170002177851245e+02 1.860019963159160383e+01 1.036217008856707119e-04 3.932140971407296792e+00
1.151628901204094717e+02 1.850556477217068263e+01 1.021145675609369470e-04 3.911165594357279396e+00
1.163202964080152526e+02 1.841052547935678874e+01 1.006296818355673512e-04 3.890289465813991043e+00
1.174893348221957297e+02 1.831507695421974447e+01 9.916679486332405141e-05 3.869508904108112102e+00
1.186701222677665299e+02 1.821921868823026713e+01 9.772552308081919564e-05 3.848825610905370009e+00
1.198627768244562191e+02 1.812295036661037173e+01 9.630548677011639572e-05 3.828241413942061744e+00
1.210674177587143134e+02 1.802627171192119704e+01 9.490631451961200368e-05 3.807758088805611507e+00
1.222841655356381381e+02 1.792918247875389071e+01 9.352764290994461556e-05 3.787377364065650287e+00
1.235131418310193681e+02 1.783168244887313136e+01 9.216911621731850189e-05 3.767100926168812425e+00
1.247544695435116040e+02 1.773377142678076623e+01 9.083038613293639870e-05 3.746930424119961245e+00
1.260082728069206297e+02 1.763544924770051736e+01 8.951111124483330909e-05 3.726867484484697179e+00
1.272746770026175938e+02 1.753670704857799478e+01 8.821115639356414144e-05 3.706905328051266491e+00
1.285538087720773888e+02 1.743754039657998689e+01 8.693026429104844721e-05 3.687042302187704568e+00
1.298457960295429245e+02 1.733794870160046386e+01 8.566809132469562925e-05 3.667280589240625055e+00
1.311507679748166311e+02 1.723795459121287976e+01 8.442381180575274889e-05 3.647643481819309752e+00
1.324688551061804560e+02 1.713756943685283574e+01 8.319691121179526201e-05 3.628141768138248846e+00
1.338001892334459910e+02 1.703679360822041033e+01 8.198712760781220175e-05 3.608775706438613007e+00
1.351449034911354090e+02 1.693562738967511194e+01 8.079420221943631793e-05 3.589545603470391200e+00
1.365031323517950455e+02 1.683407061648376413e+01 7.961788650230425680e-05 3.570451496745328690e+00
1.378750116394428460e+02 1.673211656273922898e+01 7.845805542722433367e-05 3.551488010898301351e+00
1.392606785431508456e+02 1.662976278838041821e+01 7.731449036506974249e-05 3.532654020603600564e+00
1.406602716307641003e+02 1.652700919331405416e+01 7.618692883454106517e-05 3.513950557466521740e+00
1.420739308627577202e+02 1.642385563802999116e+01 7.507511229228969272e-05 3.495378684868020169e+00
1.435017976062329410e+02 1.632030194392905997e+01 7.397878604129535553e-05 3.476939500271601258e+00
1.449440146490540258e+02 1.621634789367892893e+01 7.289769914091660471e-05 3.458634137619505111e+00
1.464007262141270758e+02 1.611199323159162589e+01 7.183160431846841935e-05 3.440463769828004281e+00
1.478720779738225701e+02 1.600723384464311749e+01 7.078032002481797588e-05 3.422426606619380696e+00
1.493582170645425720e+02 1.590206603040984135e+01 6.974365323816833701e-05 3.404521517805919828e+00
1.508592921014346473e+02 1.579649085397764630e+01 6.872133460321355302e-05 3.386751259977031303e+00
1.523754531932533496e+02 1.569051559824889708e+01 6.771300457213927804e-05 3.369123350841409348e+00
1.539068519573713445e+02 1.558417274046629863e+01 6.671794215331907079e-05 3.351663920904579097e+00
1.554536415349412266e+02 1.547746758597299355e+01 6.573588344044455794e-05 3.334377090298576984e+00
1.570159766062097049e+02 1.537039952064452031e+01 6.476665695985802458e-05 3.317262557825789493e+00
1.585940134059859190e+02 1.526296285711788059e+01 6.381016218853422352e-05 3.300316491086783266e+00
1.601879097392647964e+02 1.515515620905662431e+01 6.286622841933725493e-05 3.283538721843963337e+00
1.617978249970080071e+02 1.504698151823232166e+01 6.193463744468127516e-05 3.266931730468598527e+00
1.634239201720828873e+02 1.493844074727969584e+01 6.101517385361964927e-05 3.250498096122599101e+00
1.650663578753620300e+02 1.482953587895210923e+01 6.010762493876263703e-05 3.234240503322637128e+00
1.667253023519844817e+02 1.472026891511640478e+01 5.921178060364245453e-05 3.218161748906502417e+00
1.684009194977803361e+02 1.461064299699781621e+01 5.832741842084922365e-05 3.202265564697897471e+00
1.700933768758605140e+02 1.450066170197182736e+01 5.745431459754760692e-05 3.186556053737652050e+00
1.718028437333732370e+02 1.439032581227247221e+01 5.659228515202389031e-05 3.171035398520429371e+00
1.735294910184288142e+02 1.427963598898240427e+01 5.574114837765071557e-05 3.155705882898621972e+00
1.752734913971946185e+02 1.416859283825559324e+01 5.490072388805269016e-05 3.140569949031008168e+00
1.770350192711618718e+02 1.405719722610256461e+01 5.407082855048159703e-05 3.125630437815045681e+00
1.788142507945859450e+02 1.394547739970809985e+01 5.325094391642064588e-05 3.110910035549993680e+00
1.806113638921018207e+02 1.383344953977892189e+01 5.244072909611539695e-05 3.096422050472934284e+00
1.824265382765168795e+02 1.372111411862100461e+01 5.164004335580141860e-05 3.082168551263203327e+00
1.842599554667822304e+02 1.360847145439206329e+01 5.084874546268550275e-05 3.068151856015577383e+00
1.861117988061447193e+02 1.349552170578049548e+01 5.006669371586184561e-05 3.054374541583267266e+00
1.879822534804814893e+02 1.338226493116513183e+01 4.929374518665769796e-05 3.040839502290041185e+00
1.898715065368186856e+02 1.326870257422074673e+01 4.852973846123199915e-05 3.027551041818683952e+00
1.917797469020364076e+02 1.315483462203937037e+01 4.777452782359262699e-05 3.014512794150353781e+00
1.937071654017613014e+02 1.304066019730671755e+01 4.702797484591701173e-05 3.001728218849372798e+00
1.956539547794495491e+02 1.292617820552715457e+01 4.628994037931017801e-05 2.989201105251045654e+00
1.976203097156612216e+02 1.281138732348313880e+01 4.556028450153996596e-05 2.976935592535660202e+00
1.996064268475286099e+02 1.269628832002762842e+01 4.483884005301971338e-05 2.964937937684631208e+00
2.016125047884199830e+02 1.258088193274144118e+01 4.412543845637895319e-05 2.953214913068276548e+00
2.036387441478011908e+02 1.246516642341999237e+01 4.341993603595366795e-05 2.941772052083262867e+00
2.056853475512967293e+02 1.234914317829333541e+01 4.272214945076049166e-05 2.930617998088180354e+00
2.077525196609523732e+02 1.223282911597720890e+01 4.203172135396320025e-05 2.919774030117509689e+00
2.098404671957018195e+02 1.211621696010695359e+01 4.134856889130708661e-05 2.909243316434659832e+00
2.119493989520384503e+02 1.199929902789362757e+01 4.067260238375683482e-05 2.899029785269006787e+00
2.140795258248953985e+02 1.188207362836791781e+01 4.000365682819342087e-05 2.889143118127921905e+00
2.162310608287350249e+02 1.176453857129666147e+01 3.934156583513777946e-05 2.879593720978008253e+00
2.184042191188506763e+02 1.164669220113156278e+01 3.868614897507239247e-05 2.870393709953952488e+00
2.205992180128823179e+02 1.152854017680053111e+01 3.803713614950248806e-05 2.861562717359876551e+00
2.228162770125485679e+02 1.141007739736129345e+01 3.739437102007052324e-05 2.853112901271424473e+00
2.250556178255969257e+02 1.129129459371897681e+01 3.675773043048364912e-05 2.845054644201193472e+00
2.273174643879747805e+02 1.117218148337934025e+01 3.612708685750733986e-05 2.837399368793793286e+00
2.296020428862232734e+02 1.105272916313692022e+01 3.550227933953322784e-05 2.830161928911066660e+00
2.319095817800960901e+02 1.093292849029335123e+01 3.488313124127010096e-05 2.823359429663811593e+00
2.342403118254055698e+02 1.081276632905230350e+01 3.426949038817743280e-05 2.817008100875293852e+00
2.365944660970984899e+02 1.069223579125213242e+01 3.366110516360894267e-05 2.811133572310189344e+00
2.389722800125637718e+02 1.057133248420774230e+01 3.305766798722880933e-05 2.805767945254233897e+00
2.413739913551745815e+02 1.045003780579027897e+01 3.245900770258884692e-05 2.800933734271126685e+00
2.437998402980665844e+02 1.032832833013021201e+01 3.186497148516175074e-05 2.796653422158370983e+00
2.462500694281555695e+02 1.020617770345141118e+01 3.127539611948146922e-05 2.792952019341324643e+00
2.487249237703964582e+02 1.008355703015390681e+01 3.069009586301456750e-05 2.789858388302693726e+00
2.512246508122858586e+02 9.960434558412618600e+00 3.010885758706059021e-05 2.787406042304743092e+00
2.537495005286110654e+02 9.836773161052988712e+00 2.953146266851990604e-05 2.785631515645428991e+00
2.562997254064477488e+02 9.712530375314553766e+00 2.895767322917405928e-05 2.784575978462174639e+00
2.588755804704089201e+02 9.587658830241645447e+00 2.838720763464310916e-05 2.784288100774329866e+00
2.614773233081474473e+02 9.462102354832550688e+00 2.781977490421352900e-05 2.784821379143281206e+00
2.641052140961152759e+02 9.335794838084764180e+00 2.725506436450390589e-05 2.786235712380982665e+00
2.667595156255811730e+02 9.208661300727353449e+00 2.669268738208846540e-05 2.788604196930390522e+00
2.694404933289099517e+02 9.080614607127296622e+00 2.613217435959086236e-05 2.792014953328730176e+00
2.721484153061060738e+02 8.951546062390399072e+00 2.557307314931851901e-05 2.796562157890969846e+00
2.748835523516239050e+02 8.821324934371709503e+00 2.501487205298901921e-05 2.802355461434259176e+00
2.776461779814473516e+02 8.689791218752141333e+00 2.445702331735148774e-05 2.809519305256064747e+00
2.804365684604415492e+02 8.556753825671284730e+00 2.389875216971704158e-05 2.818217471488184689e+00
2.832550028299796736e+02 8.421974956857361860e+00 2.333907662803876129e-05 2.828656221764074719e+00
2.861017629358473755e+02 8.285151533885084518e+00 2.277673253796421376e-05 2.841100047116865923e+00
2.889771334564276231e+02 8.145885818016484592e+00 2.221022330644869286e-05 2.855874605015294332e+00
2.918814019311685684e+02 8.003646103476576457e+00 2.163758638479555441e-05 2.873408388698378779e+00
2.948148587893379613e+02 7.857695186501143958e+00 2.105606154440178344e-05 2.894297297492293364e+00
2.977777973790661576e+02 7.706961200298874992e+00 2.046168008105840648e-05 2.919396618218788486e+00
3.007705139966812453e+02 7.549787644886407634e+00 1.984841259419175316e-05 2.950004795704130434e+00
3.037933079163389607e+02 7.383366397497351130e+00 1.920603804460536423e-05 2.988304347861888921e+00
3.068464814199501802e+02 7.202179269992127431e+00 1.851443234720661575e-05 3.038549535457528705e+00
3.099303398274097390e+02 6.991820008019581145e+00 1.772086802208593432e-05 3.111758188771258649e+00
3.109501104868897983e+02 6.908980815303833012e+00 1.741086625238235703e-05 3.146423715851492720e+00
3.119732365203500990e+02 6.809274453179654962e+00 1.703937579033676286e-05 3.193968724110133550e+00
3.123413413814114961e+02 6.764556958084743776e+00 1.687327136091206915e-05 3.217812866901227142e+00
3.127098805784121964e+02 6.707356865215456487e+00 1.666117932118408703e-05 3.251098076161152317e+00
3.128082564649041615e+02 6.687136084367092614e+00 1.658628827356711994e-05 3.263723756563381873e+00
3.129066632996188559e+02 6.661138115280680339e+00 1.649005237464543924e-05 3.280706349471266936e+00
3.129406245294327391e+02 6.649092294559794780e+00 1.644547900988500280e-05 3.288884329017773833e+00
3.129745894452185553e+02 6.632322867933667432e+00 1.638344002613275108e-05 3.300621806592762386e+00
3.129884521687731080e+02 6.620688792602563488e+00 1.634040622687209305e-05 3.309021122281405880e+00
3.129913519526822370e+02 6.616570484793524720e+00 1.632517378434539100e-05 3.312047281533851084e+00
3.129923721202893034e+02 6.614566415834901569e+00 1.631776144404358680e-05 3.313530178084399314e+00
3.129933922912215394e+02 6.611650837080206955e+00 1.630697788698438308e-05 3.315699750821745173e+00
3.129962123380198022e+02 6.617192793209997426e+00 1.632749658282388401e-05 3.311473252464566031e+00
3.129971560118148091e+02 6.615529512432417825e+00 1.632134471179612711e-05 3.312701443592121375e+00
3.129980996884549995e+02 6.613412861567131706e+00 1.631351607066774129e-05 3.314271180430342412e+00
3.129987325693581965e+02 6.611378216867553448e+00 1.630599081294200435e-05 3.315787316282179820e+00
3.129991119382229954e+02 6.609172066847030180e+00 1.629783130449194583e-05 3.317439323257776351e+00
3.129994913075475438e+02 6.613134748256252138e+00 1.631249264013361487e-05 3.314449641927582402e+00
3.129999539786628020e+02 6.611656260932716300e+00 1.630702437392674394e-05 3.315551280771130482e+00
3.130000000536640528e+02 6.611478218234028148e+00 1.630636587566530144e-05 3.315684196163130704e+00
