# # r T rho v
1.000000000171451242e-01 1.264748713616096421e+00 6.618624870431236040e+00 1.931467795120611086e+01
1.001589483970304340e-01 1.265049302121090680e+00 6.597860375852200754e+00 1.931401682231609485e+01
1.011655625633951366e-01 1.266948105208379749e+00 6.468624297375485277e+00 1.930980591816642189e+01
1.021822933703210867e-01 1.268857130046046944e+00 6.341947526506932498e+00 1.930551104291497566e+01
1.032092424917362833e-01 1.270775685529191179e+00 6.217779206441711892e+00 1.930113111714068097e+01
1.042465126234086159e-01 1.272703024442360942e+00 6.096069489992856028e+00 1.929666505562441969e+01
1.052942074932156913e-01 1.274638341394007668e+00 5.976769519577269207e+00 1.929211176751432788e+01
1.063524318715175360e-01 1.276580770764196959e+00 5.859831407599783937e+00 1.928747015649243934e+01
1.074212915816338820e-01 1.278529384670926916e+00 5.745208217227444791e+00 1.928273912094176978e+01
1.085008935104263966e-01 1.280483190960437723e+00 5.632853943546380471e+00 1.927791755411311314e+01
1.095913456189876872e-01 1.282441131226895070e+00 5.522723495093222468e+00 1.927300434429239573e+01
1.106927569534373046e-01 1.284402019829944841e+00 5.414772674889841042e+00 1.926799837804205140e+01
1.118052376558265198e-01 1.286356422288303047e+00 5.308958047039607386e+00 1.926289896033604876e+01
1.129288989751526806e-01 1.288295239686972904e+00 5.205237053433859451e+00 1.925770536017057566e+01
1.140638532784840758e-01 1.290216018320418989e+00 5.103568080697773013e+00 1.925241648911012504e+01
1.152102140621968362e-01 1.292116186833986324e+00 5.003910341979747045e+00 1.924703125569464390e+01
1.163680959633246609e-01 1.293993054329197756e+00 4.906223860589207675e+00 1.924154856557109383e+01
1.175376147710225777e-01 1.295843808581703671e+00 4.810469453958615915e+00 1.923596732162161160e+01
1.187188874381458897e-01 1.297666738775968609e+00 4.716608733595339942e+00 1.923028636019045123e+01
1.199120320929457639e-01 1.299504122813329943e+00 4.624604621970964224e+00 1.922450223218013576e+01
1.211171680508819626e-01 1.301377795263035875e+00 4.534420485714782956e+00 1.921861258980454679e+01
1.223344158265545767e-01 1.303289164907965425e+00 4.446020155993799960e+00 1.921261615187904681e+01
1.235638971457555108e-01 1.305239709453414498e+00 4.359368182713360795e+00 1.920651162924280442e+01
1.248057349576412872e-01 1.307230030488133021e+00 4.274429809262161761e+00 1.920029777423846795e+01
1.260600534470279477e-01 1.309249491842151780e+00 4.191170842611174230e+00 1.919397391651598284e+01
1.273269780468097023e-01 1.311295032069322408e+00 4.109557863172677905e+00 1.918753897623479787e+01
1.286066354505023268e-01 1.313366632720327498e+00 4.029558151219902129e+00 1.918099170881642834e+01
1.298991536249125278e-01 1.315464236742770243e+00 3.951139637081967582e+00 1.917433086669480957e+01
1.312046618229349149e-01 1.317587746006284810e+00 3.874270888256741596e+00 1.916755519956667442e+01
1.325232905964771335e-01 1.319737018799345574e+00 3.798921096780076834e+00 1.916066345464200538e+01
1.338551718095154497e-01 1.321911867305881616e+00 3.725060066846452411e+00 1.915365437689342798e+01
1.352004386512810630e-01 1.324112055070165272e+00 3.652658202675952204e+00 1.914652670930416178e+01
1.365592256495792300e-01 1.326337294458896254e+00 3.581686496622572324e+00 1.913927919311442594e+01
1.379316686842420869e-01 1.328587244129759259e+00 3.512116517519226822e+00 1.913191056806481072e+01
1.393179050007168351e-01 1.330861506516026971e+00 3.443920399254670084e+00 1.912441957263624914e+01
1.407180732237902909e-01 1.333156026442894326e+00 3.377070796340154502e+00 1.911680513243571156e+01
1.421323133714515741e-01 1.335457211989490522e+00 3.311540824156465224e+00 1.910906666013659105e+01
1.435607668688940186e-01 1.337761685267254474e+00 3.247304232027658610e+00 1.910120302089078947e+01
1.450035765626577211e-01 1.340067148274706632e+00 3.184335302511478893e+00 1.909321301767450052e+01
1.464608867349143639e-01 1.342371161435391258e+00 3.122608829526134944e+00 1.908509545563471477e+01
1.479328431178956738e-01 1.344671141358016353e+00 3.062100108240269236e+00 1.907684914223554173e+01
1.494195929084665420e-01 1.346964358873541601e+00 3.002784925163668905e+00 1.906847288738798341e+01
1.509212847828449999e-01 1.349247937359010496e+00 2.944639548434749621e+00 1.905996550356135799e+01
1.524380689114699094e-01 1.351518851356160011e+00 2.887640718300608533e+00 1.905132580587713775e+01
1.539700969740180891e-01 1.353773925490982410e+00 2.831765637785622403e+00 1.904255261218508721e+01
1.555175221745725422e-01 1.356009833698449851e+00 2.776991963544931608e+00 1.903364474311989696e+01
1.570804992569428127e-01 1.358223476142060626e+00 2.723297799748824133e+00 1.902460100222955930e+01
1.586591845201396345e-01 1.360450671861127114e+00 2.670661973781225829e+00 1.901541814850198620e+01
1.602537358340048734e-01 1.362719629424200329e+00 2.619063658077165346e+00 1.900609338162232120e+01
1.618643126549987876e-01 1.365030601980618652e+00 2.568482227695364273e+00 1.899662538283686786e+01
1.634910760421455223e-01 1.367383918542484311e+00 2.518897468885409552e+00 1.898701282819150649e+01
1.651341886731394759e-01 1.369779848544557588e+00 2.470289569964409626e+00 1.897725439574272954e+01
1.667938148606131210e-01 1.372218596702939664e+00 2.422639113339058348e+00 1.896734876589832908e+01
1.684701205685680547e-01 1.374700297809836824e+00 2.375927067686859129e+00 1.895729462175410163e+01
1.701632734289720839e-01 1.377225011488683926e+00 2.330134780293279473e+00 1.894709064942595944e+01
1.718734427585222324e-01 1.379792716935265950e+00 2.285243969541992382e+00 1.893673553837447798e+01
1.736007995755766142e-01 1.382403307671801418e+00 2.241236717554942803e+00 1.892622798172232734e+01
1.753455166172563084e-01 1.385056586341963936e+00 2.198095462979437364e+00 1.891556667656195501e+01
1.771077683567195138e-01 1.387752184864247562e+00 2.155802993466939377e+00 1.890475032821922952e+01
1.788877310206086757e-01 1.390478522859710964e+00 2.114342373619686910e+00 1.889377823287922809e+01
1.806855826066734727e-01 1.393223970826575675e+00 2.073697010516667216e+00 1.888264967505341474e+01
1.825015029015708279e-01 1.395985786635627113e+00 2.033850696868673147e+00 1.887136346187933711e+01
1.843356734988433887e-01 1.398761017715119959e+00 1.994787548075038330e+00 1.885991840894295279e+01
1.861882778170794173e-01 1.401546498515517936e+00 1.956491995855269339e+00 1.884831334032753603e+01
1.880595011182545628e-01 1.404338848676957463e+00 1.918948782007923626e+00 1.883654708862076887e+01
1.899495305262583200e-01 1.407134471923378483e+00 1.882142952293954563e+00 1.882461849487943084e+01
1.918585550456065048e-01 1.409929555702117643e+00 1.846059850441782002e+00 1.881252640855129599e+01
1.937867655803419131e-01 1.412720071582518333e+00 1.810685112271459563e+00 1.880026968735397830e+01
1.957343549531248283e-01 1.415501776421554503e+00 1.776004659935242813e+00 1.878784719711134343e+01
1.977015179245156240e-01 1.418270214298921417e+00 1.742004696272082764e+00 1.877525781154701434e+01
1.996884512124506572e-01 1.421020474290685121e+00 1.708671698079762713e+00 1.876250042514408634e+01
2.016953535119145324e-01 1.423761371706343093e+00 1.675992478575603739e+00 1.874957319463767291e+01
2.037224255148096241e-01 1.426551829893184298e+00 1.643954342892218756e+00 1.873647163584984199e+01
2.057698699300254397e-01 1.429393778532921822e+00 1.612544569268338668e+00 1.872319434104820601e+01
2.078378915037097097e-01 1.432286048547963153e+00 1.581750675340156453e+00 1.870974006831782432e+01
2.099266970397431764e-01 1.435227229364209434e+00 1.551560427130968645e+00 1.869610758816335760e+01
2.120364954204201346e-01 1.438215657900777877e+00 1.521961834131163815e+00 1.868229568393634921e+01
2.141674976273367781e-01 1.441249408295261825e+00 1.492943144479151663e+00 1.866830315221322323e+01
2.163199167624897112e-01 1.444326282469376332e+00 1.464492840241270022e+00 1.865412880311789223e+01
2.184939680695860142e-01 1.447443801635722727e+00 1.436599632788506664e+00 1.863977146058577716e+01
2.206898689555682747e-01 1.450599198841037385e+00 1.409252458268127839e+00 1.862522996256315011e+01
2.229078390123548914e-01 1.453789412634633793e+00 1.382440473168006889e+00 1.861050316113992409e+01
2.251481000387998699e-01 1.457010989220953734e+00 1.356153049606513061e+00 1.859558992761884255e+01
2.274108760628728021e-01 1.460256725792346888e+00 1.330379758244294885e+00 1.858048933218309529e+01
2.296963933640617517e-01 1.463520600051398945e+00 1.305110384164462678e+00 1.856520037568711956e+01
2.320048804960013200e-01 1.466797895454474032e+00 1.280334922511406237e+00 1.854972198508344050e+01
2.343365683093286134e-01 1.470083578107624245e+00 1.256043567946397266e+00 1.853405310122429128e+01
2.366916899747679159e-01 1.473372299727467638e+00 1.232226710728885788e+00 1.851819267846802930e+01
2.390704810064484265e-01 1.476658402149057858e+00 1.208874932876272457e+00 1.850213968420304411e+01
2.414731792854556691e-01 1.479935923374385620e+00 1.185979004400105508e+00 1.848589309829230842e+01
2.439000250836197703e-01 1.483198605141823778e+00 1.163529879616852947e+00 1.846945191243933948e+01
2.463512610875429609e-01 1.486439901983763523e+00 1.141518693531359041e+00 1.845281512947863334e+01
2.488271324228682468e-01 1.489662911734588979e+00 1.119936791013365962e+00 1.843598122393293437e+01
2.513278866787924670e-01 1.492944125307350101e+00 1.098775925073137705e+00 1.841894470982534315e+01
2.538537739328252107e-01 1.496301633933286412e+00 1.078027810916147633e+00 1.840170333258686242e+01
2.564050467757967300e-01 1.499726893447559162e+00 1.057684242788145657e+00 1.838425628950956892e+01
2.589819603371174561e-01 1.503213508056618686e+00 1.037737187392721694e+00 1.836660265327857999e+01
2.615847723102908140e-01 1.506758691887815971e+00 1.018178784052069963e+00 1.834874129705107748e+01
2.642137429786832747e-01 1.510359254308970778e+00 9.990013284653049830e-01 1.833067111425731710e+01
2.668691352415525353e-01 1.514011589482787024e+00 9.801972696251954886e-01 1.831239101883994991e+01
2.695512146403375442e-01 1.517711667948567600e+00 9.617592068005061945e-01 1.829389994537547892e+01
2.722602493852134264e-01 1.521455030369473604e+00 9.436798865822485505e-01 1.827519684907448294e+01
2.749965103819120849e-01 1.525236783564450027e+00 9.259521999924117397e-01 1.825628070565297989e+01
2.777602712588134182e-01 1.529051598922920308e+00 9.085691796534596243e-01 1.823715051107352281e+01
2.805518083943083774e-01 1.532893713277863723e+00 8.915239970170494299e-01 1.821780528115223774e+01
2.833714009444366910e-01 1.536756932289108590e+00 8.748099596503591258e-01 1.819824405103087628e+01
2.862193308708030348e-01 1.540634627082643648e+00 8.584205085541842806e-01 1.817846587502685907e+01
2.890958829687733656e-01 1.544518000577354222e+00 8.423492111201685839e-01 1.815846992158445872e+01
2.920013448959546953e-01 1.548398019992687225e+00 8.265897638754872156e-01 1.813825536478183764e+01
2.949360072009608036e-01 1.552266846574613446e+00 8.111359933620397866e-01 1.811782130646599853e+01
2.979001633524678283e-01 1.556116273551227058e+00 7.959818494722977755e-01 1.809716686273281638e+01
3.008941097685611243e-01 1.559953677749362555e+00 7.811214411784472844e-01 1.807629028022171980e+01
3.039181458463771635e-01 1.563863792902485228e+00 7.665491745068611085e-01 1.805518555078025145e+01
3.069725739920438068e-01 1.567861767559662667e+00 7.522593937093431382e-01 1.803385058027288679e+01
3.100576996509209482e-01 1.571944879841521869e+00 7.382465135690060576e-01 1.801228426803247018e+01
3.131738313381455252e-01 1.576109870354174491e+00 7.245050596918120034e-01 1.799048554069241845e+01
3.163212806694829515e-01 1.580352925165518840e+00 7.110296663229751513e-01 1.796845335270122490e+01
3.195003623924893010e-01 1.584669661822498243e+00 6.978150742125759365e-01 1.794618668666109329e+01
3.227113944179860749e-01 1.589055118651173437e+00 6.848561285291937528e-01 1.792368455347909162e+01
3.259546978518517157e-01 1.593504641235054864e+00 6.721477786963065970e-01 1.790094594235851133e+01
3.292305970271322546e-01 1.598014661044019791e+00 6.596850777948775058e-01 1.787796977830295830e+01
3.325394195364754224e-01 1.602579310957076730e+00 6.474631734626031809e-01 1.785475511092376522e+01
3.358814962648892233e-01 1.607192189009639005e+00 6.354773098440414936e-01 1.783130101450971594e+01
3.392571614228316879e-01 1.611846359087951708e+00 6.237228257070025483e-01 1.780760658759061954e+01
3.426667525796317504e-01 1.616534358467686561e+00 6.121951526066905513e-01 1.778367095211425308e+01
3.461106106972463570e-01 1.621248208748069075e+00 6.008898130885257372e-01 1.775949325244198107e+01
3.495890801643570800e-01 1.625979430145271909e+00 5.898024189284009067e-01 1.773507265416556322e+01
3.531025088308096249e-01 1.630719059073782784e+00 5.789286694091044794e-01 1.771040834275029496e+01
3.566512480423981168e-01 1.635519686533504657e+00 5.682644622404496859e-01 1.768549601740600608e+01
3.602356526760013278e-01 1.640462947046353204e+00 5.578058220053875305e-01 1.766032979927200586e+01
3.638560811750694013e-01 1.645549333791490154e+00 5.475487017786402344e-01 1.763490844055777274e+01
3.675128955854695123e-01 1.650777777954015146e+00 5.374891328700869275e-01 1.760923077896114464e+01
3.712064615916899069e-01 1.656153861561110219e+00 5.276232373690620259e-01 1.758329527278875304e+01
3.749371485534091497e-01 1.661677566915125581e+00 5.179472049343163409e-01 1.755710070087141972e+01
3.787053295424324673e-01 1.667346578790106948e+00 5.084572976446923853e-01 1.753064596992254565e+01
3.825113813799989049e-01 1.673157864768469283e+00 4.991498513715757479e-01 1.750393002359981054e+01
3.863556846744637951e-01 1.679107652190862110e+00 4.900212743321024633e-01 1.747695184328614815e+01
3.902386238593602563e-01 1.685191409496489268e+00 4.810680456774301117e-01 1.744971044861475917e+01
3.941605872318427184e-01 1.691403832263037588e+00 4.722867141151361747e-01 1.742220489772208580e+01
3.981219669915165293e-01 1.697738834203829317e+00 4.636738965647319022e-01 1.739443428721634533e+01
4.021231592796588594e-01 1.704189543323857414e+00 4.552262768452174369e-01 1.736639775185241419e+01
4.061645642188330685e-01 1.710772782707235873e+00 4.469406408681199649e-01 1.733809304895566683e+01
4.102465859529005887e-01 1.717634608550518527e+00 4.388140256995694544e-01 1.730951050904704402e+01
4.143696326874367619e-01 1.724810960080517930e+00 4.308433565982271451e-01 1.728064692108490163e+01
4.185341167305507981e-01 1.732317349723436317e+00 4.230255889020855253e-01 1.725150026256244473e+01
4.227404545341175712e-01 1.740172457493050384e+00 4.153577421731549646e-01 1.722206833719652863e+01
4.269890667354225844e-01 1.748383954302233922e+00 4.078368792576223534e-01 1.719234959348114344e+01
4.312803781992265439e-01 1.756958330522447875e+00 4.004601198318831212e-01 1.716234254884285804e+01
4.356148180602520403e-01 1.765900910920533029e+00 3.932246394047969607e-01 1.713204578796740662e+01
4.399928197660970541e-01 1.775215750068543485e+00 3.861276681758817886e-01 1.710145796804689056e+01
4.444148211205805610e-01 1.784905533950496892e+00 3.791664899298239355e-01 1.707057782363211018e+01
4.488812643275230108e-01 1.795054619846794042e+00 3.723385478056931430e-01 1.703939928173695151e+01
4.533925960349672324e-01 1.805907135200788272e+00 3.656415307879465337e-01 1.700790699265451877e+01
4.579492673798433722e-01 1.817504471088878581e+00 3.590729059807463153e-01 1.697609764699900836e+01
4.625517340330831950e-01 1.829877326255874737e+00 3.526301761299817650e-01 1.694396857887823060e+01
4.672004562451873566e-01 1.843054331226718245e+00 3.463108902339116502e-01 1.691151725509300618e+01
4.718958988922510311e-01 1.857062735316248325e+00 3.401126436754388083e-01 1.687874123236138146e+01
4.766385315224518915e-01 1.871960411473958530e+00 3.340331150892972278e-01 1.684563625809002474e+01
4.814288284030049936e-01 1.888071530998047365e+00 3.280703359578568401e-01 1.681218226120923376e+01
4.862672685675904494e-01 1.905727359877976257e+00 3.222223645552507176e-01 1.677835901491654269e+01
4.911543358642567192e-01 1.925029395334413085e+00 3.164870215345285676e-01 1.674416012089361416e+01
4.960905190038061296e-01 1.946076925256066126e+00 3.108621646482458978e-01 1.670957935539165007e+01
5.010763116086660585e-01 1.969044750208483352e+00 3.053457740879252369e-01 1.667460598618008660e+01
5.061122122622517816e-01 1.994706897688063529e+00 2.999365107601811298e-01 1.663919340653780665e+01
5.111987245588253126e-01 2.023446324319301937e+00 2.946326032216513013e-01 1.660331900026871210e+01
5.163363571538551744e-01 2.055520420551097516e+00 2.894321670521489698e-01 1.656696783850645716e+01
5.215256238148821000e-01 2.092015153474853228e+00 2.843342088384605004e-01 1.653007492588238847e+01
5.267670434728966011e-01 2.133899481663173781e+00 2.793375797056803500e-01 1.649258307111135480e+01
5.320611402742324580e-01 2.182183840695326005e+00 2.744411572698835511e-01 1.645443273127198580e+01
5.374084436329815695e-01 2.239049129741251143e+00 2.696449663868286106e-01 1.641549372401736662e+01
5.428094882839357149e-01 2.306675377587512177e+00 2.649489408421562553e-01 1.637563650268376492e+01
5.482648143360610016e-01 2.388497178529130238e+00 2.603541484962826336e-01 1.633465572183229142e+01
5.537749673265088823e-01 2.488922660616762261e+00 2.558624439619567870e-01 1.629228708278117210e+01
5.593404982751698507e-01 2.613297290178153265e+00 2.514763761812961462e-01 1.624820967841235131e+01
5.649619637397772509e-01 2.766806357715486886e+00 2.471981108614710598e-01 1.620211353910091034e+01
5.706399258715616485e-01 2.951415061490362035e+00 2.430266137852211683e-01 1.615388896424376952e+01
5.763749524714680827e-01 3.162023377106084165e+00 2.389543299140280685e-01 1.610386551170557112e+01
5.821676170469357592e-01 3.386355206951949359e+00 2.349675131668143291e-01 1.605281975425891261e+01
5.880184988692495063e-01 3.612525140505802757e+00 2.310534884609876383e-01 1.600150126685068841e+01
5.939281830314669941e-01 3.832802358543966559e+00 2.272039544055781402e-01 1.595039654797156459e+01
5.998972605069297082e-01 4.044636619539978994e+00 2.234156282406686567e-01 1.589966344483160476e+01
6.059263282083591218e-01 4.248014810019320464e+00 2.196876032314564187e-01 1.584929834052825193e+01
6.120159890475496134e-01 4.444035023370109805e+00 2.160199552048859550e-01 1.579922666984457180e+01
6.181668519956597940e-01 4.634107283189894844e+00 2.124129883924830708e-01 1.574935393438655495e+01
6.243795321441102386e-01 4.819645304318775025e+00 2.088669556649051240e-01 1.569958547304332086e+01
6.306546507660932832e-01 5.002063321066001045e+00 2.053820562620503887e-01 1.564982678393032778e+01
6.369928353787002173e-01 5.182315962866848480e+00 2.019580531424231828e-01 1.560001326205204641e+01
6.433947198056741978e-01 5.361351228317772666e+00 1.985946772779957070e-01 1.555008076464950229e+01
6.498609442407926595e-01 5.540063692148913255e+00 1.952915908484444407e-01 1.549996867831480962e+01
6.563921553118877705e-01 5.719413315691361355e+00 1.920484872424250700e-01 1.544961222999816997e+01
6.629890061455095962e-01 5.900437522282478753e+00 1.888651004450730697e-01 1.539894155028137135e+01
6.696521564322384101e-01 6.084023616601684559e+00 1.857410212474223665e-01 1.534789663974108187e+01
6.763822724926559227e-01 6.270983350956263358e+00 1.826757638299057185e-01 1.529642259111917468e+01
6.831800273439764259e-01 6.462439392514489178e+00 1.796690766012551677e-01 1.524444366761350089e+01
6.900461007673498459e-01 6.659715358244074679e+00 1.767208456479983369e-01 1.519187033167832723e+01
6.969811793758403651e-01 6.864185671573987513e+00 1.738309670741265134e-01 1.513860962219269801e+01
7.039859566830880544e-01 7.077873951604033209e+00 1.709998103140604742e-01 1.508452426694931070e+01
7.110611331726610640e-01 7.302862554990761090e+00 1.682277455224530094e-01 1.502947229498431980e+01
7.182074163681042567e-01 7.541509780679088060e+00 1.655153067079500329e-01 1.497329235301404005e+01
7.254255209036923890e-01 7.797273549721119856e+00 1.628638087321796768e-01 1.491574639867511110e+01
7.327161685958940573e-01 8.074537974807226348e+00 1.602751884591166465e-01 1.485653026083428685e+01
7.400800885155541797e-01 8.378501869988674855e+00 1.577518989325333576e-01 1.479528048190445766e+01
7.475180170608014540e-01 8.715951214231626665e+00 1.552974745796106559e-01 1.473151849935512026e+01
7.550306980306885629e-01 9.095102751798574303e+00 1.529164013217794160e-01 1.466465837708615183e+01
7.626188826995730086e-01 9.524990900022402229e+00 1.506136775318209498e-01 1.459404619976661266e+01
7.702833298922452387e-01 1.001360683693130227e+01 1.483934974943762752e-01 1.451908905490839530e+01
7.780248060598116133e-01 1.056412443676052426e+01 1.462565848935149793e-01 1.443952549549461217e+01
7.858440853563402051e-01 1.117066806006133106e+01 1.441972173579872118e-01 1.435573989553291341e+01
7.937419497162766513e-01 1.181794069464775632e+01 1.422030281414511932e-01 1.426880906030434382e+01
8.017191889326384935e-01 1.248853947245311780e+01 1.402603554363966165e-01 1.417998417766059482e+01
8.097766007359953333e-01 1.316802326855967564e+01 1.383578847257796729e-01 1.409032070391888247e+01
8.179149908742416875e-01 1.384639239463100857e+01 1.364876749889145646e-01 1.400056190787228338e+01
8.261351731931735332e-01 1.451592415617355236e+01 1.346435136721814141e-01 1.391129550200543008e+01
8.344379697178732069e-01 1.517024046187731834e+01 1.328202122564201282e-01 1.382302052501382583e+01
8.428242107349116496e-01 1.580457412139709206e+01 1.310138090432999280e-01 1.373612264555758777e+01
8.512947348753796550e-01 1.641668587217561281e+01 1.292222655731062875e-01 1.365079650380142517e+01
8.598503891987497871e-01 1.700667142335082715e+01 1.274453249063052518e-01 1.356705373420819960e+01
8.684920292775841766e-01 1.757658947771012947e+01 1.256842313657414723e-01 1.348474600928434874e+01
8.772205192830920817e-01 1.812935228910395580e+01 1.239408819365022535e-01 1.340365041879222296e+01
8.860367320715477613e-01 1.866840029543715929e+01 1.222175658172190010e-01 1.332349475439187181e+01
8.949415492715769860e-01 1.919684068563115886e+01 1.205163118456505089e-01 1.324402716407138492e+01
9.039358613723207370e-01 1.971662246474145164e+01 1.188382495577128412e-01 1.316508779086274927e+01
9.130205678124839741e-01 2.023052704208987862e+01 1.171851415953750475e-01 1.308644146570156863e+01
9.221965770702813536e-01 2.074019721971919594e+01 1.155578707751078321e-01 1.300794510057365194e+01
9.314648067542854459e-01 2.124731575199917444e+01 1.139573457713740634e-01 1.292944882201703827e+01
9.408261836951883339e-01 2.175256865092034175e+01 1.123837073515703278e-01 1.285088663698975786e+01
9.502816440384851404e-01 2.225648281949895946e+01 1.108369776345919933e-01 1.277220506708852454e+01
9.598321333380899212e-01 2.275933654595579014e+01 1.093169941757830832e-01 1.269337136546201528e+01
9.694786066508911393e-01 2.326136224637443917e+01 1.078235679261553143e-01 1.261435588746018510e+01
9.792220286322591560e-01 2.376243203977967156e+01 1.063562355021747258e-01 1.253516144029737767e+01
9.890633736325112890e-01 2.426247168386619535e+01 1.049145878614264893e-01 1.245578548202369085e+01
9.990036257943489817e-01 2.476138988050634993e+01 1.034982116939048707e-01 1.237622691611567127e+01
1.009043779151271858e+00 2.525895359156049835e+01 1.021065917618588503e-01 1.229649789196562537e+01
1.019184837726982540e+00 2.575528577162215527e+01 1.007395096034224974e-01 1.221657590310831054e+01
1.029427815635789445e+00 2.625035447800724953e+01 9.939663279921577554e-02 1.213645271325441222e+01
1.039773737184019220e+00 2.674434735641653305e+01 9.807782022848832160e-02 1.205609733658474525e+01
1.050223636972448471e+00 2.723763313907377537e+01 9.678309399771377330e-02 1.197545875870974186e+01
1.060778559999764337e+00 2.773053309066292726e+01 9.551245304111091738e-02 1.189448854308355941e+01
1.071439561767065118e+00 2.822348064595865580e+01 9.426600949520914929e-02 1.181312390278320912e+01
1.082207708383412070e+00 2.871734831791106046e+01 9.304426807529989074e-02 1.173125211690525838e+01
1.093084076672439897e+00 2.921252073557746343e+01 9.184734880980376104e-02 1.164880774878804459e+01
1.104069754280041282e+00 2.970921009175548733e+01 9.067525118789791783e-02 1.156574054759676251e+01
1.115165839783132107e+00 3.020765655951895212e+01 8.952802830480234564e-02 1.148199367452505548e+01
1.126373442799509128e+00 3.070826860941246750e+01 8.840591379382610471e-02 1.139748727904728476e+01
1.137693684098813884e+00 3.121074605868871288e+01 8.730854769409925054e-02 1.131221836415607562e+01
1.149127695714609487e+00 3.171528407851823061e+01 8.623604614013478942e-02 1.122612356585359095e+01
1.160676621057586511e+00 3.222221270579176178e+01 8.518868988008507226e-02 1.113911853644439809e+01
1.172341615029902862e+00 3.272992518278528706e+01 8.416500628885914548e-02 1.105134953003618392e+01
1.184123844140676951e+00 3.323849109919622435e+01 8.316509496365499798e-02 1.096275977818090119e+01
1.196024486622638161e+00 3.374803698724409173e+01 8.218915188070746725e-02 1.087328062921431560e+01
1.208044732549951927e+00 3.425532605512253781e+01 8.123412898781179337e-02 1.078327492707292912e+01
1.220185783957228098e+00 3.476017503221279981e+01 8.029991192476818029e-02 1.069272130784441543e+01
1.232448854959724782e+00 3.526297614453130080e+01 7.938699616633804190e-02 1.060151805834629535e+01
1.244835171874761670e+00 3.575896128936897611e+01 7.849057053437723253e-02 1.051027432122507399e+01
1.257345973344352164e+00 3.624727920438413520e+01 7.760971858268754520e-02 1.041908399069207825e+01
1.269982510459068736e+00 3.672868091193855378e+01 7.674521702772486853e-02 1.032781475142903638e+01
1.282746046883153523e+00 3.720012888543595153e+01 7.589369484419659917e-02 1.023689318264386294e+01
1.295637858980885460e+00 3.765829770530852016e+01 7.505124521957388939e-02 1.014682280862680486e+01
1.308659235944217070e+00 3.810388655000814850e+01 7.421835384092664856e-02 1.005751691410348414e+01
1.321811479921696231e+00 3.853753641588205170e+01 7.339548756451566569e-02 9.968890820754833015e+00
1.335095906148680678e+00 3.895630215238705318e+01 7.257876260377334188e-02 9.881451654850701871e+00
1.348513843078863461e+00 3.935897805321850029e+01 7.176618727868847025e-02 9.795453472477909429e+00
1.362066632517119791e+00 3.974620983391187679e+01 7.095799173948845462e-02 9.710849311735753275e+00
1.375755629753686815e+00 4.011862486542101180e+01 7.015441627323656948e-02 9.627590850570340919e+00
1.389582203699696317e+00 4.047623534880943197e+01 6.935489727764264367e-02 9.545740379297988909e+00
1.403547737024064990e+00 4.081733004581101909e+01 6.855644250811637752e-02 9.465696778812866086e+00
1.417653626291762725e+00 4.114207148064080144e+01 6.775849341918781243e-02 9.387527687531070697e+00
1.431901282103471562e+00 4.145081480809702157e+01 6.696074510314227457e-02 9.311267526580850884e+00
1.446292129236645962e+00 4.174383186592053363e+01 6.616276452321606660e-02 9.236970345979207409e+00
1.460827606787991728e+00 4.202128011967302967e+01 6.536392992752457221e-02 9.164718868553748621e+00
1.475509168317376218e+00 4.228388050311723845e+01 6.456449182591583735e-02 9.094475897643203410e+00
1.490338281993187630e+00 4.253527054530680118e+01 6.376947687111303442e-02 9.025529073376050704e+00
1.505316430739151334e+00 4.277640804257465135e+01 6.297989071047982446e-02 8.957725122271758877e+00
1.520445112382623254e+00 4.300764246876406105e+01 6.219580508434273403e-02 8.891041772482186190e+00
1.535725839804375381e+00 4.322931124122030155e+01 6.141728896592010822e-02 8.825457190325476375e+00
1.551160141089883648e+00 4.344174087736453771e+01 6.064440986122736355e-02 8.760949783433085614e+00
1.566749559682138582e+00 4.364524935916982429e+01 5.987723757612990055e-02 8.697497639891675902e+00
1.582495654535990726e+00 4.384015565581930929e+01 5.911586225433836800e-02 8.635075864473101603e+00
1.598400000274047494e+00 4.402697324177935911e+01 5.836077624967670602e-02 8.573600372725627139e+00
1.601600000274596036e+00 4.406136978725571396e+01 5.820650599767066696e-02 8.562007175523266511e+00
1.617696347879359342e+00 4.423378124279835788e+01 5.744868787645979885e-02 8.503174943733311508e+00
1.633954466466995159e+00 4.438942808020473052e+01 5.667765647622734909e-02 8.448185746710773714e+00
1.650375981862911123e+00 4.453726887883486540e+01 5.591080014783122998e-02 8.394478891174310675e+00
1.666962536232331260e+00 4.467860503176864739e+01 5.515034817254755445e-02 8.341714095641298954e+00
1.683715788244514844e+00 4.481393635706472622e+01 5.439694040493910088e-02 8.289783652962670502e+00
1.700637413238623941e+00 4.494357226090654223e+01 5.365084618440608272e-02 8.238633888269207617e+00
1.717729103391259393e+00 4.506775364170526643e+01 5.291220813564669057e-02 8.188229459880467687e+00
1.734992567885679682e+00 4.518667625668712873e+01 5.218108332437145641e-02 8.138547631056219700e+00
1.752429533082720869e+00 4.530051786510539813e+01 5.145750049097881640e-02 8.089569755446071042e+00
1.770041742693432729e+00 4.540944449804062799e+01 5.074147245263658373e-02 8.041279464187645942e+00
1.787830957953453703e+00 4.551361346965543930e+01 5.003300188384109115e-02 7.993661825099189322e+00
1.805798957799134463e+00 4.561317507844414365e+01 4.933208448495673970e-02 7.946702882644767207e+00
1.823947539045432054e+00 4.570827364831604456e+01 4.863871083841100895e-02 7.900389389099903958e+00
1.842278516565595936e+00 4.579904821205020937e+01 4.795286755775236137e-02 7.854708638707664115e+00
1.860793723472653260e+00 4.588563298901552656e+01 4.727453803337859639e-02 7.809648360577845949e+00
1.879495011302724672e+00 4.596815773828229368e+01 4.660370293708217954e-02 7.765196646731411967e+00
1.898384250200177537e+00 4.604674803275934636e+01 4.594034057649250269e-02 7.721341902044716043e+00
1.917463329104642122e+00 4.612152548119191664e+01 4.528442715283476777e-02 7.678072808330601795e+00
1.936734155939909385e+00 4.619260703448313166e+01 4.463593371028932999e-02 7.635378852789766135e+00
1.956198657804720575e+00 4.625995226482059053e+01 4.399423977119205215e-02 7.593351563216075739e+00
1.975858781165483080e+00 4.632359392919075702e+01 4.335893084459004065e-02 7.552050244775199594e+00
1.995716492050916946e+00 4.638372250705715771e+01 4.273019385371235740e-02 7.511431009455784569e+00
2.015773776248658500e+00 4.644050877496320595e+01 4.210818032520478177e-02 7.471454948152218556e+00
2.036032639503841946e+00 4.649410497690322330e+01 4.149300312871247176e-02 7.432088931504588381e+00
2.056495107719674920e+00 4.654464909347443324e+01 4.088474751624677356e-02 7.393303876819175002e+00
2.077163227160032211e+00 4.659226739891090574e+01 4.028347698514009312e-02 7.355073863809681534e+00
2.098039064654080743e+00 4.663707623471147201e+01 3.968923691397035353e-02 7.317375611894012088e+00
2.119124707802965357e+00 4.667918342745331017e+01 3.910205747283292815e-02 7.280188063581345403e+00
2.140422265188573814e+00 4.671868943427968901e+01 3.852195597629552021e-02 7.243492049095270779e+00
2.161933866584393016e+00 4.675568827750871748e+01 3.794893880337156522e-02 7.207270013925330510e+00
2.183661663168487532e+00 4.679026831418505594e+01 3.738300297755983020e-02 7.171505795641785141e+00
2.205607827738623072e+00 4.682251287515872207e+01 3.682413747741643956e-02 7.136184439651304778e+00
2.227774554929545126e+00 4.685250080008378859e+01 3.627232433161025477e-02 7.101292046009867853e+00
2.250164061432445184e+00 4.688030688868465035e+01 3.572753954019004807e-02 7.066815641209494459e+00
2.272778586216631869e+00 4.690600228412553463e+01 3.518975385463443684e-02 7.032743070201565416e+00
2.295620390753428275e+00 4.692965480091667985e+01 3.465893344233299256e-02 6.999062904934364227e+00
2.318691759242323069e+00 4.695132921119390801e+01 3.413504054272513411e-02 6.965764348729792665e+00
2.341994998839391773e+00 4.697108759074910012e+01 3.361803721063932882e-02 6.932836497816675880e+00
2.365532439888014427e+00 4.698898921129846684e+01 3.310788079028682135e-02 6.900269279077035911e+00
2.389306436151908297e+00 4.700509082249165260e+01 3.260452340349551809e-02 6.868053602814040204e+00
2.413319365050513365e+00 4.701944696379413102e+01 3.210791483583610995e-02 6.836180801526881012e+00
2.437573627896729267e+00 4.703211010660339753e+01 3.161800281188943684e-02 6.804642593564684816e+00
2.462071650137052981e+00 4.704313078083053767e+01 3.113473323801755829e-02 6.773431051315595752e+00
2.486815881594123923e+00 4.705255768818746986e+01 3.065805041734565028e-02 6.742538573258174850e+00
2.511808796711707537e+00 4.706043780404282728e+01 3.018789724087108869e-02 6.711957859316287411e+00
2.537052894802143133e+00 4.706681646940572961e+01 2.972421535798236078e-02 6.681681889049536416e+00
2.562550700296276851e+00 4.707173747434514866e+01 2.926694532914472444e-02 6.651703902286875802e+00
2.588304762995906394e+00 4.707524313395079218e+01 2.881602676308113453e-02 6.622017381872346675e+00
2.614317658328763283e+00 4.707737435776942192e+01 2.837139844042205206e-02 6.592616038242677057e+00
2.640591987606057955e+00 4.707817071351415450e+01 2.793299842550249837e-02 6.563493795598726699e+00
2.667130378282614789e+00 4.707767048572503654e+01 2.750076416773811552e-02 6.534644779468088416e+00
2.693935484219615262e+00 4.707591073029205120e+01 2.707463259216283044e-02 6.506063305880484648e+00
2.721009985949990995e+00 4.707292666829017236e+01 2.665454358517753072e-02 6.477743044536524053e+00
2.748356590946478217e+00 4.706875265047471402e+01 2.624043427394986971e-02 6.449678387533929858e+00
2.775978033892365637e+00 4.706342219681707206e+01 2.583224001033170014e-02 6.421864246120019715e+00
2.803877076954963687e+00 4.705696779321819179e+01 2.542989596053175580e-02 6.394295680272231941e+00
2.832056510061830679e+00 4.704942092827146638e+01 2.503333716098945019e-02 6.366967892195702916e+00
2.860519151179757191e+00 4.704081212787472310e+01 2.464249856995101920e-02 6.339876220348919844e+00
2.889267846596576206e+00 4.703117098789290651e+01 2.425731511516438649e-02 6.313016133939086671e+00
2.918305471205786539e+00 4.702052620504681357e+01 2.387772173805735587e-02 6.286383227836318532e+00
2.947634928794046871e+00 4.700890560618394431e+01 2.350365343471884014e-02 6.259973217862293104e+00
2.977259152331556358e+00 4.699633617606929903e+01 2.313504529396672588e-02 6.233781936413861580e+00
3.007181104265357785e+00 4.698284408381876887e+01 2.277183253275262900e-02 6.207805328387058452e+00
3.037403776815577494e+00 4.696845470808326439e+01 2.241395052912443370e-02 6.182039447371160179e+00
3.067930192274657131e+00 4.695319266108208467e+01 2.206133485294501859e-02 6.156480452085427046e+00
3.098763403309580777e+00 4.693708181157124670e+01 2.171392129454068759e-02 6.131124603035200238e+00
3.129906493267147205e+00 4.692014494451385787e+01 2.137164669219940305e-02 6.105968030584717710e+00
3.161362576482305009e+00 4.690240297339895648e+01 2.103445045540169867e-02 6.081006285258225397e+00
3.193134798589588375e+00 4.688387739597474280e+01 2.070226915476476234e-02 6.056235884450934748e+00
3.225226336837684560e+00 4.686458922382567494e+01 2.037503932363870368e-02 6.031653540041499895e+00
3.257640400407163295e+00 4.684455883442490176e+01 2.005269786242408481e-02 6.007256047115260067e+00
3.290380230731390743e+00 4.682380598837106334e+01 1.973518205539589315e-02 5.983040281871937260e+00
3.323449101820685314e+00 4.680234984603980308e+01 1.942242958645120504e-02 5.959003199619813174e+00
3.356850320589711778e+00 4.678020898368294667e+01 1.911437855384084256e-02 5.935141832849119226e+00
3.390587227188181174e+00 4.675740140900514064e+01 1.881096748394199547e-02 5.911453289377535114e+00
3.424663195334868515e+00 4.673394457624469567e+01 1.851213534412145603e-02 5.887934750562170194e+00
3.459081632654984251e+00 4.670985540078524423e+01 1.821782155473724088e-02 5.864583469572425933e+00
3.493845981020943903e+00 4.668515027332057343e+01 1.792796600032138532e-02 5.841396769719017890e+00
3.528959716896553633e+00 4.665984507359478073e+01 1.764250903998439493e-02 5.818372042834684343e+00
3.564426351684662819e+00 4.663395518373800286e+01 1.736139151707809941e-02 5.795506747702813044e+00
3.600249432078304501e+00 4.660749550448662148e+01 1.708455476416096547e-02 5.772798409878840964e+00
3.636432540415373005e+00 4.658047824809312232e+01 1.681194335347083874e-02 5.750243682366159348e+00
3.672979295036853387e+00 4.655291635457267319e+01 1.654350053623250202e-02 5.727839868413979296e+00
3.709893350648663546e+00 4.652482328189704219e+01 1.627916882373950033e-02 5.705584756226472543e+00
3.747178398687126766e+00 4.649621205743696351e+01 1.601889127447780198e-02 5.683476189732580508e+00
3.784838167688117760e+00 4.646709528872474237e+01 1.576261149836710729e-02 5.661512067469206322e+00
3.822876423659919531e+00 4.643748517395989950e+01 1.551027366057512735e-02 5.639690341478212687e+00
3.861296970459829225e+00 4.640739351226717702e+01 1.526182248491717713e-02 5.618009016217234475e+00
3.900103650174542302e+00 4.637683171371396185e+01 1.501720325685638492e-02 5.596466147483305065e+00
3.939300343504370527e+00 4.634581080909597262e+01 1.477636182611651895e-02 5.575059841349271572e+00
3.978890970151309769e+00 4.631434145949717873e+01 1.453924460892111817e-02 5.553788253112426077e+00
4.018879489211017564e+00 4.628243396563285472e+01 1.430579858987192712e-02 5.532649586254845708e+00
4.059269899568724860e+00 4.625009827698079334e+01 1.407597132347779972e-02 5.511642091415605016e+00
4.100066240299124587e+00 4.621734400070847926e+01 1.384971093534726784e-02 5.490764065374188263e+00
4.141272591070287667e+00 4.618418060702080652e+01 1.362696595573949579e-02 5.470013917207763754e+00
4.182893072551629565e+00 4.615066961891571395e+01 1.340764314125124368e-02 5.449407314642056299e+00
4.224931846825982440e+00 4.611684005067397152e+01 1.319168066643977393e-02 5.428948141893195078e+00
4.267393117805806213e+00 4.608270071875993068e+01 1.297903406241431197e-02 5.408633591407077112e+00
4.310281131653582953e+00 4.604826007158933265e+01 1.276965909494410904e-02 5.388460956216978737e+00
4.353600177206438993e+00 4.601352617573888892e+01 1.256351180412553815e-02 5.368427617485292735e+00
4.397354586405027632e+00 4.597850673009756406e+01 1.236054851910076136e-02 5.348531041730420377e+00
4.441548734726731062e+00 4.594320907947324173e+01 1.216072587177000931e-02 5.328768778143381901e+00
4.486187041623209915e+00 4.590764022768198771e+01 1.196400080954515902e-02 5.309138455989335093e+00
4.531273970962352848e+00 4.587180685014554626e+01 1.177033060718888149e-02 5.289637782090142792e+00
4.576814031474665256e+00 4.583571530602004884e+01 1.157967287778295142e-02 5.270264538383675479e+00
4.622811777204151262e+00 4.579937164987996567e+01 1.139198558286548882e-02 5.251016579556684327e+00
4.669271807963712995e+00 4.576278164297709594e+01 1.120722704177634123e-02 5.231891830747665395e+00
4.716198769795143519e+00 4.572595076409514547e+01 1.102535594024713073e-02 5.212888285316872761e+00
4.763597355433732083e+00 4.568888422001926841e+01 1.084633133827176722e-02 5.194004002680326693e+00
4.811472304777542952e+00 4.565158189599912930e+01 1.067011552415309157e-02 5.175235725415491039e+00
4.859828405361404258e+00 4.561403853520597096e+01 1.049667349777174373e-02 5.156579045487875490e+00
4.908670492835672583e+00 4.557625846946235271e+01 1.032596481227965497e-02 5.138032388626678326e+00
4.958003451449796373e+00 4.553824606569337874e+01 1.015794932428939167e-02 5.119594299649245173e+00
5.007832214540749227e+00 4.550000547127321227e+01 9.992587347438674009e-03 5.101263368236233831e+00
5.058161765026363277e+00 4.546154062172571741e+01 9.829839653402202074e-03 5.083038227619233851e+00
5.108997135903628362e+00 4.542285524820923825e+01 9.669667472574611233e-03 5.064917553291867769e+00
5.160343410751996096e+00 4.538395288479308931e+01 9.512032494437602098e-03 5.046900061744812760e+00
5.212205724241739446e+00 4.534483687553344566e+01 9.356896867626215628e-03 5.028984509223985988e+00
5.264589262647425549e+00 4.530551038135440223e+01 9.204223199707348840e-03 5.011169690511885655e+00
5.317499264366549738e+00 4.526597638674230240e+01 9.053974556684080133e-03 4.993454437731696949e+00
5.370941020443374292e+00 4.522623770625841644e+01 8.906114462238006249e-03 4.975837619174285464e+00
5.424919875098042965e+00 4.518629699087694007e+01 8.760606896722996847e-03 4.958318138147352450e+00
5.479441226261001496e+00 4.514615673415350727e+01 8.617416295921694405e-03 4.940894931846981919e+00
5.534510526112804918e+00 4.510581873979737821e+01 8.476507767256408893e-03 4.923566843812348992e+00
5.590133281629324102e+00 4.506528400009723612e+01 8.337847107366052474e-03 4.906332603244156765e+00
5.646315055132467897e+00 4.502455438654708075e+01 8.201400122159887424e-03 4.889191218806258732e+00
5.703061464846402195e+00 4.498363166704101701e+01 8.067133050358573851e-03 4.872141737257325467e+00
5.760378185459389400e+00 4.494251748173341099e+01 7.935012573829841251e-03 4.855183235312982681e+00
5.818270948691252720e+00 4.490121334834061884e+01 7.805005815436136425e-03 4.838314818582461818e+00
5.876745543866560340e+00 4.485972066730293761e+01 7.677080336702373636e-03 4.821535620528615063e+00
5.935807818493560539e+00 4.481804072681067908e+01 7.551204135314512796e-03 4.804844801450813385e+00
5.995463678848931721e+00 4.477617470769921937e+01 7.427345642458371353e-03 4.788241547490858174e+00
6.055719090568424612e+00 4.473412368821770713e+01 7.305473720008757305e-03 4.771725069661353125e+00
6.116580079243423285e+00 4.469188864867471978e+01 7.185557657578443488e-03 4.755294602896192657e+00
6.178052731023513822e+00 4.464947047596557894e+01 7.067567169435529269e-03 4.738949405123116243e+00
6.240143193225100582e+00 4.460686996798491322e+01 6.951472391298248350e-03 4.722688756357911188e+00
6.302857674946147348e+00 4.456408783792777228e+01 6.837243877015643928e-03 4.706511957819833114e+00
6.366202447687086874e+00 4.452112160046210931e+01 6.724853521070384144e-03 4.690417685256116798e+00
6.430183845977981427e+00 4.447796689077419785e+01 6.614274049801833512e-03 4.674404302391655719e+00
6.494808268011979635e+00 4.443462412867347666e+01 6.505477081722933069e-03 4.658471225578997732e+00
6.560082176285135347e+00 4.439109376070554447e+01 6.398434621895931172e-03 4.642617906212796797e+00
6.626012098242674675e+00 4.434737616773534086e+01 6.293119086824083309e-03 4.626843809887894565e+00
6.692604626931731637e+00 4.430347166858217633e+01 6.189503299981448381e-03 4.611148415759080521e+00
6.759866421660672309e+00 4.425938052357178520e+01 6.087560487311776541e-03 4.595531215915189982e+00
6.827804208665019914e+00 4.421510293800819369e+01 5.987264272701596501e-03 4.579991714766896926e+00
6.896424781780088331e+00 4.417063906556665387e+01 5.888588673430862445e-03 4.564529428448704351e+00
6.965735003120376412e+00 4.412598901161004505e+01 5.791508095605554622e-03 4.549143884234736923e+00
7.035741803765773739e+00 4.408119901231810189e+01 5.695986215667111878e-03 4.533843466307263981e+00
7.106452184454686183e+00 4.403632477499175479e+01 5.601986035134930327e-03 4.518637892358967179e+00
7.177873216284106128e+00 4.399136490012580225e+01 5.509485285540010636e-03 4.503525691367106454e+00
7.250012041416735720e+00 4.394631738317906411e+01 5.418462061795922304e-03 4.488505333307409195e+00
7.322875873795204882e+00 4.390116571832658110e+01 5.328897892290868771e-03 4.473572644892534811e+00
7.396471999863467595e+00 4.385589380932881909e+01 5.240774103697709400e-03 4.458723721781803206e+00
7.470807779295466133e+00 4.381049961455703823e+01 5.154068990713489042e-03 4.443957388482268733e+00
7.545890645731086366e+00 4.376498110924377727e+01 5.068761100778616975e-03 4.429272512870532807e+00
7.621728107519541773e+00 4.371933628795544990e+01 4.984829235729614297e-03 4.414668004120605005e+00
7.698327748470211951e+00 4.367356316693511076e+01 4.902252453108842285e-03 4.400142810713644437e+00
7.775697228611024414e+00 4.362765978632366171e+01 4.821010067153174219e-03 4.385695918526123727e+00
7.853844284954464960e+00 4.358162421226761296e+01 4.741081649481767267e-03 4.371326348993794575e+00
7.932776732271294762e+00 4.353545453892051853e+01 4.662447029502554165e-03 4.357033157348488395e+00
8.012502463872019476e+00 4.348914889034536913e+01 4.585086294555870516e-03 4.342815430925030640e+00
8.093029452396239165e+00 4.344270542232420240e+01 4.508979789812454786e-03 4.328672287535935581e+00
8.174365750609911885e+00 4.339612232408092751e+01 4.434108117942888935e-03 4.314602873910897252e+00
8.256519492210642852e+00 4.334939781992262908e+01 4.360452138573548374e-03 4.300606364199282439e+00
8.339498892641048045e+00 4.330252986901914625e+01 4.287993019463722660e-03 4.286681906629456584e+00
8.423312249910322791e+00 4.325550027509455475e+01 4.216714889315793628e-03 4.272825929544524115e+00
8.507967945424038447e+00 4.320830176428047764e+01 4.146600072192418995e-03 4.259036846836352197e+00
8.593474444822295055e+00 4.316093381228958492e+01 4.077629996110712293e-03 4.245314248115996669e+00
8.679840298826285050e+00 4.311339591109046410e+01 4.009786375807049968e-03 4.231657727949022174e+00
8.767074144093383481e+00 4.306568757069107534e+01 3.943051208937912479e-03 4.218066885392701693e+00
8.855184704080809155e+00 4.301780832087435158e+01 3.877406772289271938e-03 4.204541323550584409e+00
8.944180789917989927e+00 4.296975771288697388e+01 3.812835617997214696e-03 4.191080649143960279e+00
9.034071301287669442e+00 4.292153532108187619e+01 3.749320569782148109e-03 4.177684472099947754e+00
9.124865227315895666e+00 4.287314074451640522e+01 3.686844719199034847e-03 4.164352405155652193e+00
9.216571647470935602e+00 4.282457360850689554e+01 3.625391421905980582e-03 4.151084063477851416e+00
9.309199732471221012e+00 4.277583356614049137e+01 3.564944293952807854e-03 4.137879064298227050e+00
9.402758745202447699e+00 4.272692029974519556e+01 3.505487208091957133e-03 4.124737026563251696e+00
9.497258041643853232e+00 4.267783352231941052e+01 3.447004290113238160e-03 4.111657570598654665e+00
9.592707071803831198e+00 4.262856902216891797e+01 3.389480432604785598e-03 4.098639692134803170e+00
9.689115380664937049e+00 4.257910669330279063e+01 3.332902753421360890e-03 4.085679926639027570e+00
9.786492609138401022e+00 4.252944294343203069e+01 3.277256312565985340e-03 4.072777499073262142e+00
9.884848495028213833e+00 4.247957756743580404e+01 3.222525971204294459e-03 4.059932167846293183e+00
9.984192874004932605e+00 4.242951039154196735e+01 3.168696838157813046e-03 4.047143687167082504e+00
1.008453568058924077e+01 4.237924127463363533e+01 3.115754265807572660e-03 4.034411806951702317e+00
1.018588694914541470e+01 4.232877010951957431e+01 3.063683846060514387e-03 4.021736272735742190e+00
1.028825681488476995e+01 4.227809682416986448e+01 3.012471406377781324e-03 4.009116825592464295e+00
1.039165551487919181e+01 4.222722138291648264e+01 2.962103005864446300e-03 3.996553202056535525e+00
1.049609338908484091e+01 4.217614378761981442e+01 2.912564931420224233e-03 3.984045134053047832e+00
1.060158088137617405e+01 4.212487582324039437e+01 2.863842421971372464e-03 3.971594112819438749e+00
1.070812854059032304e+01 4.207348825729376074e+01 2.815914832206606235e-03 3.959210305536937646e+00
1.081574702158200374e+01 4.202199408035024675e+01 2.768768426081272271e-03 3.946894911308301168e+00
1.092444708628899264e+01 4.197039103235378832e+01 2.722391319795347975e-03 3.934646824217310712e+00
1.103423960480834687e+01 4.191866204971103116e+01 2.676773270866813267e-03 3.922462775002207636e+00
1.114513555648341381e+01 4.186678117311021197e+01 2.631904916846561360e-03 3.910338308579186961e+00
1.125714603100177236e+01 4.181474657565055253e+01 2.587774521902600280e-03 3.898272603335339870e+00
1.137028222950421608e+01 4.176255702147776816e+01 2.544370464801699958e-03 3.886264926946181752e+00
1.148455546570487762e+01 4.171021136987833700e+01 2.501681288610523024e-03 3.874314561866844642e+00
1.159997716702260462e+01 4.165770857457757614e+01 2.459695699432074348e-03 3.862420804425002796e+00
1.171655887572371313e+01 4.160504768304584644e+01 2.418402565077363859e-03 3.850582963957901228e+00
1.183431225007622700e+01 4.155222783581395163e+01 2.377790913678346375e-03 3.838800361991596244e+00
1.195324906551570621e+01 4.149924826579712089e+01 2.337849932247817921e-03 3.827072331460786625e+00
1.207338121582281509e+01 4.144610829762843451e+01 2.298568965191662671e-03 3.815398215967393369e+00
1.219472071431268567e+01 4.139280734700090392e+01 2.259937512778448232e-03 3.803777369076374537e+00
1.231727969503629083e+01 4.133934492001829852e+01 2.221945229571013584e-03 3.792209153647251529e+00
1.244107041399383640e+01 4.128572061255498227e+01 2.184581922824566872e-03 3.780692941199700119e+00
1.256610525036037096e+01 4.123193249850275777e+01 2.147837678643101881e-03 3.769227887057856385e+00
1.269239670772372897e+01 4.117793848185787198e+01 2.111705837650365482e-03 3.757807615846061822e+00
1.281995741533489408e+01 4.112372369461140664e+01 2.076177522959916921e-03 3.746429703907083741e+00
1.294880012937092673e+01 4.106928896261432271e+01 2.041242757169766525e-03 3.735093919741839130e+00
1.307893773421059969e+01 4.101463515791232339e+01 2.006891731053454548e-03 3.723800023104293366e+00
1.321038324372284301e+01 4.095976319943327582e+01 1.973114800472356573e-03 3.712547765182471871e+00
1.334314980256814920e+01 4.090467405364221065e+01 1.939902483354049136e-03 3.701336888777003509e+00
1.347725068751304001e+01 4.084936873516352307e+01 1.907245456734850365e-03 3.690167128477725988e+00
1.361269930875775991e+01 4.079384830737119927e+01 1.875134553865132883e-03 3.679038210838024181e+00
1.374950921127731363e+01 4.073811388294775782e+01 1.843560761375666454e-03 3.667949854547346344e+00
1.388769407617595597e+01 4.068216662441200526e+01 1.812515216503536239e-03 3.656901770601865387e+00
1.402726772205533123e+01 4.062600774461578368e+01 1.781989204376051121e-03 3.645893662473576047e+00
1.416824410639634202e+01 4.056963850721119513e+01 1.751974155351358406e-03 3.634925226277654353e+00
1.431063732695490032e+01 4.051306022708720178e+01 1.722461642414242679e-03 3.623996150938409766e+00
1.445446162317172778e+01 4.045626281962722004e+01 1.693444083672393779e-03 3.613104614077317756e+00
1.459973137759629580e+01 4.039921093688721498e+01 1.664915486860326027e-03 3.602245560039920580e+00
1.474646111732510612e+01 4.034190543815633845e+01 1.636867666754519834e-03 3.591418769826917323e+00
1.489466551545440787e+01 4.028434855832330896e+01 1.609292501346745383e-03 3.580624186275457976e+00
1.504435939254751808e+01 4.022653372717010711e+01 1.582182520179435236e-03 3.569860592932601051e+00
1.519555771811688949e+01 4.016842894085037585e+01 1.555531771402540340e-03 3.559123543228442266e+00
1.534827561212108193e+01 4.011003435883608859e+01 1.529332504798235765e-03 3.548412826350334281e+00
1.550252834647675648e+01 4.005135372670983429e+01 1.503576912616242083e-03 3.537728672658470686e+00
1.565833134658589643e+01 3.999239076455223341e+01 1.478257338003274423e-03 3.527071282235591188e+00
1.581570019287834761e+01 3.993314916998382103e+01 1.453366271123120905e-03 3.516440826105927009e+00
1.597465062236988054e+01 3.987363262106411099e+01 1.428896345421509350e-03 3.505837447405549145e+00
1.613519853023590045e+01 3.981384477905320551e+01 1.404840334028605205e-03 3.495261262506644151e+00
1.629735997140099002e+01 3.975378929104172698e+01 1.381191146292661941e-03 3.484712362097485361e+00
1.646115116214440377e+01 3.969346904926751307e+01 1.357941861076878733e-03 3.474190718483762375e+00
1.662658848172169712e+01 3.963282968655951777e+01 1.335088428786153402e-03 3.463689161619526224e+00
1.679368847400269971e+01 3.957183914434990868e+01 1.312625620116097350e-03 3.453203530320036130e+00
1.696246784912588979e+01 3.951049814157744322e+01 1.290546682876561125e-03 3.442733808017846897e+00
1.713294348516943089e+01 3.944880740503345606e+01 1.268844987595952808e-03 3.432279964730814203e+00
1.730513242983899147e+01 3.938676767020443492e+01 1.247514024909110930e-03 3.421841957612913543e+00
1.747905190217252169e+01 3.932437968203981171e+01 1.226547403019746839e-03 3.411419731487000728e+00
1.765471929426219688e+01 3.926164419564689467e+01 1.205938845234665177e-03 3.401013219359923401e+00
1.783215217299361299e+01 3.919856197691578359e+01 1.185682187566889506e-03 3.390622342921026267e+00
1.801136828180250760e+01 3.913513380307632161e+01 1.165771376405038556e-03 3.380247013024769931e+00
1.819238554244910588e+01 3.907136046318895239e+01 1.146200466246550696e-03 3.369887130157861677e+00
1.837522205681031906e+01 3.900724275857202628e+01 1.126963617492226979e-03 3.359542584891900052e+00
1.855989610868994788e+01 3.894278150316687714e+01 1.108055094299943873e-03 3.349213258321757980e+00
1.874642616564707609e+01 3.887797752384290817e+01 1.089469262495209624e-03 3.338899022490765756e+00
1.893483088084284560e+01 3.881282263766431129e+01 1.071200934776292630e-03 3.328598661806486447e+00
1.912512909490577684e+01 3.874728064364661861e+01 1.053246042434326105e-03 3.318307675886222441e+00
1.931733983781586161e+01 3.868135612020044789e+01 1.035598985672283147e-03 3.308026512345887848e+00
1.951148233080756000e+01 3.861505970093394779e+01 1.018254057734448636e-03 3.297756301632200682e+00
1.970757598829196766e+01 3.854840182358914547e+01 1.001205686763744418e-03 3.287498103668357263e+00
1.990564041979823529e+01 3.848139273868084587e+01 9.844484310778038420e-04 3.277252910802435082e+00
2.010569543193457420e+01 3.841403594693665013e+01 9.679772030992909310e-04 3.267020879663543376e+00
2.030776103036890490e+01 3.834631742403250598e+01 9.517876045338324442e-04 3.256800118993291360e+00
2.051185742182946115e+01 3.827824400421422268e+01 9.358745834582672197e-04 3.246591201074643163e+00
2.071800501612547762e+01 3.820982389325425288e+01 9.202331464764549988e-04 3.236394825614820725e+00
2.092622442818816708e+01 3.814106516354751619e+01 9.048584089034957282e-04 3.226211643025616471e+00
2.113653648013225705e+01 3.807197576014665685e+01 8.897455913650200495e-04 3.216042256528933052e+00
2.134896220333818917e+01 3.800256350650013104e+01 8.748900165473515091e-04 3.205887224175015593e+00
2.156352284055532209e+01 3.793283610990767585e+01 8.602871060904343416e-04 3.195747060777252457e+00
2.178023984802617719e+01 3.786276240840848573e+01 8.459335535733926307e-04 3.185617811338531613e+00
2.199913489763208574e+01 3.779229484504994474e+01 8.318265217506593066e-04 3.175493802484115946e+00
2.222022987906043667e+01 3.772143846671345102e+01 8.179615912150324129e-04 3.165375465869618044e+00
2.244354690199361713e+01 3.765019900640580630e+01 8.043344107905882594e-04 3.155263288312505132e+00
2.266910829832000829e+01 3.757858208366447172e+01 7.909407197929122987e-04 3.145157720742601359e+00
2.289693662436722121e+01 3.750659320934583008e+01 7.777763454317714997e-04 3.135059179845105959e+00
2.312705466315771119e+01 3.743423779015456176e+01 7.648372003221890489e-04 3.124968049634656797e+00
2.335948542668712591e+01 3.736152113292601484e+01 7.521192800983798063e-04 3.114884682962808071e+00
2.359425215822552246e+01 3.728844844867433750e+01 7.396186611249651495e-04 3.104809402962691589e+00
2.383137833464167343e+01 3.721502485641673275e+01 7.273314983004935388e-04 3.094742504433294350e+00
2.407088766875084218e+01 3.714125538678512584e+01 7.152540229483739069e-04 3.084684255166573408e+00
2.431280411168602029e+01 3.706714498543502145e+01 7.033825407908645723e-04 3.074634897219468588e+00
2.455715185529311029e+01 3.699269851626061012e+01 6.917134300017029145e-04 3.064594648133991406e+00
2.480395533455008916e+01 3.691792053007914376e+01 6.802431452518028533e-04 3.054563675531818401e+00
2.505323923001054709e+01 3.684273462783383479e+01 6.689701566126685399e-04 3.044533264121006333e+00
2.530502847027178959e+01 3.676711239638180473e+01 6.578916933392617294e-04 3.034500230256055975e+00
2.555934823446764170e+01 3.669104668518061629e+01 6.470045022257433750e-04 3.024463762178636106e+00
2.581622395478647647e+01 3.661447276060796696e+01 6.363066913396566403e-04 3.014416846216884771e+00
2.607568131901437525e+01 3.653739483635083474e+01 6.257947536727500150e-04 3.004360136459985231e+00
2.633774627310398131e+01 3.645982486652560794e+01 6.154650837064357073e-04 2.994295098660320065e+00
2.660244502376909637e+01 3.638177452551121860e+01 6.053141662961588352e-04 2.984223126307949503e+00
2.686980404110536469e+01 3.630325521878344119e+01 5.953385733940613420e-04 2.974145543688698545e+00
2.713985006123731836e+01 3.622427809318138259e+01 5.855349609314766104e-04 2.964063608811244865e+00
2.741261008899201812e+01 3.614485404663918189e+01 5.759000658520136871e-04 2.953978516209304850e+00
2.768811140059953146e+01 3.606499373741451109e+01 5.664307032865012297e-04 2.943891399625167882e+00
2.796638154642061025e+01 3.598470759284175102e+01 5.571237638617294831e-04 2.933803334579970112e+00
2.824744835370172780e+01 3.590400581763717014e+01 5.479762111354117117e-04 2.923715340836004817e+00
2.853133992935783425e+01 3.582289409171306005e+01 5.389851638745677418e-04 2.913627926756250819e+00
2.881808466278306824e+01 3.574133109391242158e+01 5.301487020875810321e-04 2.903536634160402308e+00
2.910771122868973038e+01 3.565931700091017831e+01 5.214640998447443634e-04 2.893441512081717626e+00
2.940024858997577084e+01 3.557686927734535232e+01 5.129283598688622004e-04 2.883344410677192826e+00
2.969572600062109657e+01 3.549400505321316501e+01 5.045385650502372992e-04 2.873247091990561497e+00
2.999417300861300362e+01 3.541074113560313208e+01 4.962918753650794089e-04 2.863151233373367965e+00
3.029561945890100105e+01 3.532709401980935837e+01 4.881855249466716647e-04 2.853058430764154885e+00
3.060009549638132853e+01 3.524307989985210554e+01 4.802168193003920676e-04 2.842970201832588639e+00
3.090763156891145158e+01 3.515871467844574738e+01 4.723831326542975878e-04 2.832887988994805095e+00
3.121825843035491133e+01 3.507401340538577728e+01 4.646819152559418823e-04 2.822813102661810181e+00
3.153200714365670976e+01 3.498893789890427541e+01 4.571115673898339636e-04 2.812741327286512494e+00
3.184890908394963560e+01 3.490347969605770828e+01 4.496699815805882752e-04 2.802671643666243995e+00
3.216899594169179721e+01 3.481765122982038463e+01 4.423547401959018592e-04 2.792605190958216799e+00
3.249229972583572135e+01 3.473146469940628833e+01 4.351634830370046218e-04 2.782543052386500015e+00
3.281885276702923449e+01 3.464492526122209881e+01 4.280940133032371583e-04 2.772485558663181582e+00
3.314868772084857795e+01 3.455796525828595378e+01 4.211453042258405310e-04 2.762425630369067964e+00
3.348183757106400549e+01 3.447057198251778942e+01 4.143154382369918409e-04 2.752361989623423266e+00
3.381833563293817235e+01 3.438275720542540626e+01 4.076021535575012058e-04 2.742295861802880985e+00
3.415821555655766417e+01 3.429453243657599870e+01 4.010032430150904550e-04 2.732228415294349677e+00
3.450151133019808469e+01 3.420590893205467609e+01 3.945165521737399746e-04 2.722160763833070707e+00
3.484825728372288722e+01 3.411689770250274734e+01 3.881399775492033332e-04 2.712093968745118211e+00
3.519848809201637607e+01 3.402750952075945179e+01 3.818714649060214934e-04 2.702029041098072515e+00
3.555223877845123326e+01 3.393775492912910607e+01 3.757090076315090354e-04 2.691966943764406928e+00
3.590954471839089734e+01 3.384764424629440072e+01 3.696506451825238475e-04 2.681908593401555851e+00
3.627044164272712123e+01 3.375718757389469715e+01 3.636944616011361848e-04 2.671854862352058824e+00
3.663496564145309264e+01 3.366639480278848851e+01 3.578385840954523690e-04 2.661806580467716454e+00
3.700315316727244408e+01 3.357527561901555657e+01 3.520811816821774599e-04 2.651764536860758970e+00
3.737504103924457866e+01 3.348383057745841285e+01 3.464205802200318583e-04 2.641728594459341828e+00
3.775066644646661729e+01 3.339200385986159603e+01 3.408558519498799890e-04 2.631693074957454304e+00
3.813006695179230121e+01 3.329973198865805983e+01 3.353861366786189068e-04 2.621651716603678128e+00
3.851328049558831879e+01 3.320700340828889807e+01 3.300098954051137469e-04 2.611603551111741695e+00
3.890034539952840476e+01 3.311383208444018322e+01 3.247252983247362712e-04 2.601550129882626461e+00
3.929130037042550327e+01 3.302023167789075586e+01 3.195305622926276055e-04 2.591492939840449594e+00
3.968618450410251342e+01 3.292621555433908043e+01 3.144239491540328033e-04 2.581433405946217619e+00
4.008503728930185162e+01 3.283179679374323712e+01 3.094037641529099269e-04 2.571372893609843224e+00
4.048789861163443504e+01 3.273698819920248582e+01 3.044683544144569966e-04 2.561312711004938958e+00
4.089480875756820666e+01 3.264180230540635819e+01 2.996161074974190599e-04 2.551254111291202609e+00
4.130580841845685569e+01 3.254625138667616824e+01 2.948454500124006211e-04 2.541198294748028275e+00
4.172093869460898219e+01 3.245034746462160768e+01 2.901548463025555285e-04 2.531146410823605919e+00
4.214024109939812490e+01 3.235410231543396975e+01 2.855427971833048939e-04 2.521099560103055914e+00
4.256375756341418537e+01 3.225752747683653610e+01 2.810078387379061154e-04 2.511058796199264975e+00
4.299153043865651114e+01 3.216063425471075732e+01 2.765485411659094977e-04 2.501025127569742157e+00
4.342360250276909994e+01 3.206343372941596925e+01 2.721635076817038759e-04 2.490999519262769191e+00
4.386001696331842226e+01 3.196589733225199836e+01 2.678517804959317135e-04 2.480979124421685444e+00
4.430081746211420324e+01 3.186794038422042519e+01 2.636129651824903916e-04 2.470955884825973836e+00
4.474604807957366859e+01 3.176956582419270703e+01 2.594457489865797007e-04 2.460930275407294587e+00
4.519575333912958826e+01 3.167078427371667715e+01 2.553487689097110980e-04 2.450903490642383886e+00
4.564997821168268644e+01 3.157160609126487216e+01 2.513206945626407724e-04 2.440876677843973219e+00
4.610876812009871628e+01 3.147204137942108204e+01 2.473602270898443418e-04 2.430850938993947441e+00
4.657216894375085303e+01 3.137209999172874220e+01 2.434660981410780717e-04 2.420827332504772667e+00
4.704022702310764004e+01 3.127179153921931487e+01 2.396370688876109573e-04 2.410806874911592068e+00
4.751298916436706321e+01 3.117112539663804682e+01 2.358719290807278438e-04 2.400790542498554725e+00
4.799050264413720868e+01 3.107011070838298039e+01 2.321694961503242274e-04 2.390779272861991434e+00
4.847281521416398675e+01 3.096875639417275394e+01 2.285286143415364958e-04 2.380773966412998988e+00
4.895997510610633441e+01 3.086707115445712901e+01 2.249481538874379099e-04 2.370775487822216032e+00
4.945203103635939357e+01 3.076506347558391141e+01 2.214270102159761561e-04 2.360784667409115301e+00
4.994903221092626211e+01 3.066274163473471148e+01 2.179641031894253092e-04 2.350802302478145478e+00
5.045102833033855205e+01 3.056011004222926530e+01 2.145584076145853696e-04 2.340828817777491189e+00
5.095806959462653651e+01 3.045711889535277095e+01 2.112093708709788284e-04 2.330859630489245049e+00
5.147020670833919809e+01 3.035375378619949061e+01 2.079161324645302500e-04 2.320893570163821362e+00
5.198749088561465470e+01 3.025001895230154147e+01 2.046776892104839370e-04 2.310931213562781750e+00
5.250997385530173034e+01 3.014591842486947826e+01 2.014930588555536130e-04 2.300973114542440356e+00
5.303770786613279853e+01 3.004145603143725651e+01 1.983612795115789014e-04 2.291019804953669414e+00
5.357074569194871572e+01 2.993663539833683629e+01 1.952814091101642867e-04 2.281071795505553723e+00
5.410914063697627086e+01 2.983145995300985831e+01 1.922525248773484954e-04 2.271129576593917676e+00
5.465294654115863437e+01 2.972593292616200245e+01 1.892737228273539362e-04 2.261193619096311114e+00
5.520221778553938208e+01 2.962005735376557425e+01 1.863441172745421181e-04 2.251264375134670814e+00
5.575700929770066949e+01 2.951383607891578365e+01 1.834628403627327836e-04 2.241342278806960575e+00
5.631737655725606828e+01 2.940727175354589917e+01 1.806290416111309852e-04 2.231427746888607011e+00
5.688337560139848392e+01 2.930036684000549485e+01 1.778418874760818611e-04 2.221521179505194343e+00
5.745506303050401442e+01 2.919312313030548722e+01 1.751005644045552923e-04 2.211622916865889188e+00
5.803249601379197742e+01 2.908551288747253238e+01 1.724044817164222020e-04 2.201730641268850430e+00
5.861573229504188731e+01 2.897753239892642796e+01 1.697528801427801741e-04 2.191844281059058819e+00
5.920483019836791527e+01 2.886920546613951899e+01 1.671448241450521814e-04 2.181966235327336801e+00
5.979984863405130113e+01 2.876054067538685288e+01 1.645795062667444666e-04 2.172097489967398598e+00
6.040084710443145610e+01 2.865154460903604772e+01 1.620561493129531096e-04 2.162238838667669416e+00
6.100788570985626080e+01 2.854222364546790658e+01 1.595739930292304986e-04 2.152391047618620767e+00
6.162102515469214126e+01 2.843258396302046265e+01 1.571322936141010356e-04 2.142554856536197594e+00
6.224032675339450549e+01 2.832263154376701308e+01 1.547303232502162578e-04 2.132730979648076453e+00
6.286585243663931521e+01 2.821237217713587597e+01 1.523673696533083292e-04 2.122920106643686022e+00
6.349766475751619055e+01 2.810181146337977154e+01 1.500427356380815624e-04 2.113122903589816026e+00
6.413582689778370138e+01 2.799095481690203613e+01 1.477557387002548662e-04 2.103340013813168596e+00
6.478040267418769815e+01 2.787980679167719700e+01 1.455057148012636270e-04 2.093571998503922060e+00
6.543145654484294482e+01 2.776835615900900578e+01 1.432921081370783895e-04 2.083818023207716585e+00
6.608905361567909154e+01 2.765659932335345772e+01 1.411143225720679246e-04 2.074077963358903709e+00
6.675325964695119296e+01 2.754453782560016961e+01 1.389717406848047984e-04 2.064352157741748073e+00
6.742414105981589501e+01 2.743217303185209133e+01 1.368637569350949330e-04 2.054640932721309987e+00
6.810176494297354566e+01 2.731952024959780445e+01 1.347896954739912629e-04 2.044945845400018225e+00
6.878619905937715373e+01 2.720663104680568267e+01 1.327486906161352126e-04 2.035271578137592741e+00
6.947751185300872123e+01 2.709350814360815463e+01 1.307401809386309522e-04 2.025618443279505243e+00
7.017577245572370259e+01 2.698015021718053319e+01 1.287636371208621990e-04 2.015986405417771632e+00
7.088105069416428705e+01 2.686655580999080328e+01 1.268185386770398818e-04 2.006375428395116955e+00
7.159341709674200160e+01 2.675272332860020086e+01 1.249043738030645740e-04 1.996785475352604866e+00
7.231294290069077135e+01 2.663865110255762048e+01 1.230206389109711105e-04 1.987216513868994561e+00
7.303970005919060782e+01 2.652431592857218945e+01 1.211669525461933150e-04 1.977666654524197876e+00
7.377376124856297679e+01 2.640970793001136130e+01 1.193428627923264992e-04 1.968135228260202485e+00
7.451519987553854207e+01 2.629482656602075963e+01 1.175478745027208122e-04 1.958622396090763829e+00
7.526409008459786776e+01 2.617967113680033009e+01 1.157815014458691297e-04 1.949128312694600851e+00
7.602050676538593166e+01 2.606424078323321325e+01 1.140432661223113407e-04 1.939653126627986612e+00
7.678452556020117470e+01 2.594853448644941807e+01 1.123326995864231423e-04 1.930196980526426298e+00
7.755622287155975414e+01 2.583255106732424977e+01 1.106493412729241224e-04 1.920760011295615799e+00
7.833567586983588171e+01 2.571628918591107649e+01 1.089927388279365910e-04 1.911342350292012826e+00
7.912296250097895722e+01 2.559975845691927887e+01 1.073623938563601028e-04 1.901945081673315219e+00
7.991816149430813709e+01 2.548302133168893135e+01 1.057575663869304497e-04 1.892573787567664478e+00
8.072135237038544631e+01 2.536607169184214072e+01 1.041778680571378102e-04 1.883228049649378733e+00
8.153261544896780322e+01 2.524888146274257750e+01 1.026230169041613760e-04 1.873905613627695255e+00
8.235203185703912254e+01 2.513144606812565129e+01 1.010926207349876083e-04 1.864606290577860648e+00
8.317968353692309336e+01 2.501376128296367440e+01 9.958629118559991561e-05 1.855329936792335710e+00
8.401565325447737109e+01 2.489582273152511149e+01 9.810364604259278701e-05 1.846076410492831554e+00
8.486002460737037723e+01 2.477762588478482897e+01 9.664430915440929879e-05 1.836845571695654877e+00
8.571288203344104772e+01 2.465916605776273585e+01 9.520791034383567194e-05 1.827637282072918534e+00
8.657431081914270976e+01 2.454043840678756894e+01 9.379408532172294345e-05 1.818451404809817706e+00
8.744439710807176880e+01 2.442143792668238333e+01 9.240247560194479065e-05 1.809287804457473392e+00
8.832322790958221503e+01 2.430215940491380522e+01 9.103272860735235400e-05 1.800146343028510953e+00
8.921089110748656026e+01 2.418258436145073276e+01 8.968455292459218370e-05 1.791025774550446314e+00
9.010747546884429937e+01 2.406270800505184226e+01 8.835760087509340985e-05 1.781926056799253422e+00
9.101307065283873499e+01 2.394253237722777428e+01 8.705150170582163941e-05 1.772847734087274585e+00
9.192776721974293253e+01 2.382206135685043336e+01 8.576588382859280798e-05 1.763791506697666378e+00
9.285165663997582897e+01 2.370138403897032120e+01 8.450003639844248153e-05 1.754765263618759619e+00
9.378483130324937633e+01 2.358056099032718933e+01 8.325339355237586594e-05 1.745774276562186200e+00
9.472738452780751572e+01 2.345958774318567563e+01 8.202566697713133635e-05 1.736818254519982174e+00
9.567941056975820402e+01 2.333845972202539443e+01 8.081657236286121486e-05 1.727896913676609358e+00
9.664100463249896222e+01 2.321717214232752724e+01 7.962582976088030989e-05 1.719009968621018736e+00
9.761226287623742337e+01 2.309569276720250386e+01 7.845326858763287709e-05 1.710154841934687919e+00
9.859328242760732053e+01 2.297400587853252674e+01 7.729865173212360893e-05 1.701330422972128442e+00
9.958416138938133599e+01 2.285210983531924001e+01 7.616169035556103850e-05 1.692536811135245012e+00
1.005849988502813375e+02 2.273000287734875258e+01 7.504210046989488617e-05 1.683774104361982715e+00
1.015958948948875076e+02 2.260768312502325017e+01 7.393960284861267535e-05 1.675042399236743806e+00
1.026169506136466651e+02 2.248514857917173870e+01 7.285392293945399018e-05 1.666341791098040481e+00
1.036482681129816399e+02 2.236239712084020681e+01 7.178479077899747559e-05 1.657672374143322802e+00
1.046899505255017147e+02 2.223942651106088775e+01 7.073194090905186848e-05 1.649034241531507572e+00
1.057421020203162669e+02 2.211622094746482858e+01 6.969516033134828467e-05 1.640426354838540046e+00
1.068048278134515812e+02 2.199272839675151303e+01 6.867436394171542828e-05 1.631844695731385464e+00
1.078782341783725371e+02 2.186896171727996219e+01 6.766923379221725357e-05 1.623290777015813813e+00
1.089624284566101693e+02 2.174502357805761577e+01 6.667915048829905784e-05 1.614773569963683375e+00
1.100575190684957931e+02 2.162092965026926095e+01 6.570381750292435469e-05 1.606294592738615412e+00
1.111636155240031485e+02 2.149668044817851964e+01 6.474299623313420663e-05 1.597854084289505483e+00
1.122808284336995825e+02 2.137227641677150558e+01 6.379645211063533056e-05 1.589452283195298410e+00
1.134092695198070402e+02 2.124771793313265889e+01 6.286395452249814923e-05 1.581089427913993317e+00
1.145490516273745385e+02 2.112300367190723094e+01 6.194528214542418859e-05 1.572765619629765022e+00
1.157002887355626228e+02 2.099812619626078103e+01 6.104023678462310292e-05 1.564480459353193798e+00
1.168630959690414812e+02 2.087308136130307901e+01 6.014861168794695162e-05 1.556233842488045305e+00
1.180375896095034847e+02 2.074786529429654180e+01 5.927020193429477941e-05 1.548025700383320435e+00
1.192238871072914463e+02 2.062247402404348762e+01 5.840480563429371815e-05 1.539855969041196815e+00
1.204221070931436657e+02 2.049690348013178820e+01 5.755222388770664664e-05 1.531724589108859114e+00
1.216323693900573204e+02 2.037114949217127347e+01 5.671226074128187959e-05 1.523631505873643599e+00
1.228547950252706187e+02 2.024520757286224182e+01 5.588472382008746042e-05 1.515576651008824660e+00
1.240895062423657862e+02 2.011906081826360904e+01 5.506946126668701410e-05 1.507558929352190269e+00
1.253366265134934423e+02 1.999269586978315161e+01 5.426631058125252777e-05 1.499577582908507178e+00
1.265962805517199854e+02 1.986617060659930090e+01 5.347489604328076895e-05 1.491637857135863721e+00
1.278685943234989821e+02 1.973956561122661668e+01 5.269478917765481226e-05 1.483746764903465243e+00
1.291536950612677970e+02 1.961287864264651404e+01 5.192582138900654300e-05 1.475904277993220326e+00
1.304517112761712383e+02 1.948610619547901734e+01 5.116782993156204551e-05 1.468110275971646450e+00
1.317627727709123349e+02 1.935924471059666985e+01 5.042065418352920103e-05 1.460364648530892984e+00
1.330870106527332837e+02 1.923227989436561813e+01 4.968416640444595517e-05 1.452666395563209534e+00
1.344245573465256882e+02 1.910519356384040890e+01 4.895824986225256635e-05 1.445014229433217778e+00
1.357755466080735403e+02 1.897798211992236261e+01 4.824274643539040231e-05 1.437408122154251844e+00
1.371401135374289026e+02 1.885064212028225228e+01 4.753749957730575495e-05 1.429848072755898869e+00
1.385183945924217994e+02 1.872317006538709805e+01 4.684235491373355090e-05 1.422334089246593880e+00
1.399105276023063311e+02 1.859556239887195517e+01 4.615716021285659094e-05 1.414866188756208842e+00
1.413166517815435839e+02 1.846781530804272009e+01 4.548176590707865861e-05 1.407444380625889613e+00
1.427369077437232932e+02 1.833991735273905022e+01 4.481604501235195853e-05 1.400068042552836900e+00
1.441714375156251720e+02 1.821186114272485312e+01 4.415986029791668779e-05 1.392736924678009691e+00
1.456203845514218358e+02 1.808364539859464060e+01 4.351305971260510820e-05 1.385451312343748853e+00
1.470838937470244332e+02 1.795527227849481733e+01 4.287548431064987139e-05 1.378211795959105146e+00
1.485621114545720047e+02 1.782682000755878349e+01 4.224677833356048698e-05 1.371025447567734368e+00
1.500551854970672139e+02 1.769831199406755573e+01 4.162674286690782384e-05 1.363894543198364673e+00
1.515632651831585349e+02 1.756973889817759726e+01 4.101526829234527593e-05 1.356818560270095064e+00
1.530865013220713138e+02 1.744108754094862235e+01 4.041225530825041706e-05 1.349796677680416224e+00
1.546250462386888103e+02 1.731235785414565953e+01 3.981757149752283701e-05 1.342829225373901814e+00
1.561790537887848416e+02 1.718355059020323949e+01 3.923108433022534977e-05 1.335916615996878498e+00
1.577486793744093347e+02 1.705466653787136266e+01 3.865266320296493254e-05 1.329059277555467045e+00
1.593340799594289763e+02 1.692570652550613985e+01 3.808217940373005700e-05 1.322257654093649260e+00
1.609354140852234138e+02 1.679666935107941228e+01 3.751951121791948223e-05 1.315512026160954973e+00
1.625528418865396532e+02 1.666754603136716639e+01 3.696455755205765105e-05 1.308822019087344746e+00
1.641865251075056733e+02 1.653833736721007597e+01 3.641719420000568634e-05 1.302188133232493161e+00
1.658366271178050226e+02 1.640904612693768527e+01 3.587729415588019135e-05 1.295611053090626630e+00
1.675033129290138163e+02 1.627967515857669767e+01 3.534473234305188910e-05 1.289091482683065060e+00
1.691867492111020397e+02 1.615022739455053369e+01 3.481938557404187166e-05 1.282630146613271904e+00
1.708871043091008062e+02 1.602070655573313473e+01 3.430113085248318212e-05 1.276227852885910563e+00
1.726045482599369052e+02 1.589114717399843357e+01 3.378977488739791119e-05 1.269888144716607048e+00
1.743392528094365446e+02 1.576161355336435754e+01 3.328506188066079647e-05 1.263617142176945540e+00
1.760913914295003622e+02 1.563210497542304722e+01 3.278689488673575288e-05 1.257415181664123915e+00
1.778611393354505026e+02 1.550261888425566248e+01 3.229518231821440775e-05 1.251282462407814267e+00
1.796486735035522315e+02 1.537315275585737595e+01 3.180983348777562380e-05 1.245219212858136970e+00
1.814541726887120205e+02 1.524370448910582176e+01 3.133075771535360913e-05 1.239225726545115869e+00
1.832778174423530402e+02 1.511427421197034526e+01 3.085786033156716308e-05 1.233302524232065434e+00
1.851197901304703066e+02 1.498486274107751548e+01 3.039104640100360173e-05 1.227450214502809223e+00
1.869802749518675853e+02 1.485547098643256980e+01 2.993022210217816077e-05 1.221669440993765843e+00
1.888594579565775291e+02 1.472609995497356294e+01 2.947529471141167206e-05 1.215960883798765435e+00
1.907575270644665011e+02 1.459675211201490441e+01 2.902616960598888024e-05 1.210325385249781283e+00
1.926746720840270655e+02 1.446743056416516460e+01 2.858275225757292301e-05 1.204763873539591357e+00
1.946110847313587726e+02 1.433813482504269388e+01 2.814495734679618128e-05 1.199276977825535440e+00
1.965669586493400800e+02 1.420886439830478842e+01 2.771270063927781845e-05 1.193865360507279538e+00
1.985424894269926313e+02 1.407961887552696645e+01 2.728589876376282580e-05 1.188529727609199060e+00
2.005378746190405650e+02 1.395040532523068322e+01 2.686445347392161687e-05 1.183271523285881033e+00
2.025533137656657914e+02 1.382124877134695140e+01 2.644823085803353087e-05 1.178093896397119256e+00
2.045890084124625901e+02 1.369215474820882861e+01 2.603714132853441438e-05 1.172998192627686675e+00
2.066451621305920980e+02 1.356312819976179362e+01 2.563109805774216874e-05 1.167985743039383406e+00
2.087219805371394727e+02 1.343417424710551344e+01 2.523001531722157559e-05 1.163057938462226160e+00
2.108196713156761746e+02 1.330530505250539619e+01 2.483379433228322529e-05 1.158216891417876537e+00
2.129384442370280794e+02 1.317653389349461612e+01 2.444233640569287421e-05 1.153464858214268363e+00
2.150785111802529741e+02 1.304785793251965131e+01 2.405557757775293775e-05 1.148802590859461681e+00
2.172400861538285710e+02 1.291927403835419597e+01 2.367345499628749507e-05 1.144230870057965088e+00
2.194233853170535440e+02 1.279077928414292309e+01 2.329590588570348974e-05 1.139750556173530605e+00
2.216286270016637161e+02 1.266239042163017459e+01 2.292282873714046484e-05 1.135364515132740948e+00
2.238560317336651053e+02 1.253411693840330976e+01 2.255413913297680162e-05 1.131074942943904427e+00
2.261058222553872099e+02 1.240595874589205039e+01 2.218977305119354480e-05 1.126883153895013256e+00
2.283782235477570453e+02 1.227791586542369551e+01 2.182966697095453394e-05 1.122790545815597119e+00
2.306734628527973996e+02 1.214999192061716471e+01 2.147375102316579571e-05 1.118798960871050463e+00
2.329917696963516107e+02 1.202222730178133681e+01 2.112188530993101639e-05 1.114914074528539523e+00
2.353333759110359154e+02 1.189463292230245273e+01 2.077399151773391350e-05 1.111138609240793995e+00
2.376985156594230943e+02 1.176720689808424325e+01 2.043001724677722064e-05 1.107474067312947508e+00
2.400874254574589770e+02 1.163994772744400308e+01 2.008990976201584732e-05 1.103922088144923208e+00
2.425003441981141350e+02 1.151285600821892174e+01 1.975361279111842154e-05 1.100484634295748387e+00
2.449375131752734092e+02 1.138593025791399427e+01 1.942107460776515215e-05 1.097163555617609143e+00
2.473991761078654577e+02 1.125916837034595375e+01 1.909224505167304135e-05 1.093960749947366695e+00
2.498855791642349686e+02 1.113256849570600515e+01 1.876707382581661990e-05 1.090878263411150906e+00
2.523969709867596123e+02 1.100613355958985018e+01 1.844550213729939932e-05 1.087918792054939576e+00
2.549336027167143754e+02 1.087986524486077755e+01 1.812747432997256834e-05 1.085085031515097498e+00
2.574957280193862630e+02 1.075376395954799413e+01 1.781293772707241910e-05 1.082379683985794427e+00
2.600836031094405030e+02 1.062783052154497199e+01 1.750183943103938563e-05 1.079805653425702783e+00
2.626974867765427462e+02 1.050206972596516763e+01 1.719411988570090650e-05 1.077366461748252568e+00
2.653376404112379987e+02 1.037648891576955279e+01 1.688971580894390472e-05 1.075066107974517182e+00
2.680043280310897558e+02 1.025109643012963545e+01 1.658856340840052134e-05 1.072908895318084754e+00
2.706978163070824053e+02 1.012588226995996266e+01 1.629063278290643796e-05 1.070897191043252317e+00
2.734183745902878968e+02 1.000082754517704053e+01 1.599590918023416933e-05 1.069032513921658767e+00
2.761662749388018483e+02 9.875934295258874229e+00 1.570433949325585873e-05 1.067319094399954427e+00
2.789417921449490905e+02 9.751208164110572341e+00 1.541586490840172511e-05 1.065761846412697444e+00
2.817452037627630830e+02 9.626664436599391195e+00 1.513041048728302890e-05 1.064367155168885137e+00
2.845767901357417600e+02 9.502320075529651078e+00 1.484790034036804400e-05 1.063141916540461418e+00
2.874368344248821359e+02 9.378172983477718105e+00 1.456829335920194120e-05 1.062090972572708791e+00
2.903256226369964565e+02 9.254220679050284559e+00 1.429154915329511241e-05 1.061219444128186806e+00
2.932434436533133635e+02 9.130460537560626477e+00 1.401762758684830706e-05 1.060532785012140211e+00
2.961905892583658897e+02 9.006889697885533508e+00 1.374648889538109332e-05 1.060036797051485014e+00
2.991673541691705509e+02 8.883506831150690175e+00 1.347809058570589843e-05 1.059737899213165635e+00
3.021740360646991803e+02 8.760318869104928297e+00 1.321237616793645545e-05 1.059644083387563107e+00
3.052109356156467470e+02 8.637325386867354737e+00 1.294930237443246303e-05 1.059762836741883429e+00
3.082783565144991940e+02 8.514522540034935361e+00 1.268883166438702550e-05 1.060101703371802762e+00
3.113766055059026030e+02 8.391906594566306055e+00 1.243092596698407803e-05 1.060668810953510954e+00
3.145059924173379500e+02 8.269474042622437793e+00 1.217554645790314804e-05 1.061472938924225229e+00
3.176668301901042355e+02 8.147220596561375316e+00 1.192265518772916786e-05 1.062523429302799638e+00
3.208594349106127197e+02 8.025141644586357259e+00 1.167221418910060162e-05 1.063830313526860527e+00
3.240841258419960127e+02 7.903232066483176332e+00 1.142418567054999600e-05 1.065404353789542569e+00
3.273412254560345787e+02 7.781486800630045053e+00 1.117853095115964786e-05 1.067257208370021360e+00
3.306310594654039505e+02 7.659900646994350026e+00 1.093521068720881167e-05 1.069401492297559431e+00
3.339539568562466911e+02 7.538468637380426607e+00 1.069418414169266034e-05 1.071850940162196730e+00
3.373102499210710334e+02 7.417185468766649414e+00 1.045541000383643303e-05 1.074620431225248085e+00
3.407002742919802358e+02 7.296041603248975882e+00 1.021885259781970809e-05 1.077725446242421281e+00
3.441243689742363472e+02 7.175025250423554546e+00 9.984477973848459675e-06 1.081182528249409192e+00
3.475828763801612808e+02 7.054129594993599817e+00 9.752241899566659153e-06 1.085010715702496631e+00
3.500000000600077783e+02 6.970416912060972692e+00 9.592530178891241343e-06 1.087892481202547001e+00
