# # r T rho v
1.000000000171451242e-01 1.355778597483692671e+00 3.572748537865521712e+00 1.588239492771100991e+01
1.004921720967776183e-01 1.356803653622334460e+00 3.538383729839311265e+00 1.587994686582685411e+01
1.015021352170011742e-01 1.358877318551481972e+00 3.469424719475578289e+00 1.587488603579312851e+01
1.025222486353318252e-01 1.360987376031967289e+00 3.401832436758412292e+00 1.586972047240043970e+01
1.035526143639615010e-01 1.363138487130441501e+00 3.335579726233130149e+00 1.586444852592188681e+01
1.045933354403217330e-01 1.365326538753881547e+00 3.270639856827489034e+00 1.585906908307537755e+01
1.056445159373873843e-01 1.367551657281777189e+00 3.206986687380074308e+00 1.585358075001832212e+01
1.067062609740841578e-01 1.369813907680526688e+00 3.144594596371378170e+00 1.584798212600039768e+01
1.077786767258005207e-01 1.372113288855526747e+00 3.083438471602229836e+00 1.584227180368867849e+01
1.088618704350053368e-01 1.374449728963575756e+00 3.023493700079721513e+00 1.583644836949368084e+01
1.099559504219721623e-01 1.376823080707346936e+00 2.964736158106624497e+00 1.583051040389440445e+01
1.110610260956114703e-01 1.379233116634902334e+00 2.907142201570331874e+00 1.582445648176064523e+01
1.121772079644114545e-01 1.381679524468145237e+00 2.850688656427136536e+00 1.581828517267226353e+01
1.133046076474892444e-01 1.384161902484994267e+00 2.795352809378312209e+00 1.581199504123195076e+01
1.144433378857525885e-01 1.386679754980678192e+00 2.741112398733924760e+00 1.580558464737117497e+01
1.155935125531742935e-01 1.389230440602407857e+00 2.687945583380058512e+00 1.579905267643151845e+01
1.167552466681795464e-01 1.391803049596595176e+00 2.635830872344578690e+00 1.579239832144890521e+01
1.179286564051479774e-01 1.394393882627783299e+00 2.584747285590378585e+00 1.578562029788242960e+01
1.191138591060311308e-01 1.397000617205549355e+00 2.534674277246495411e+00 1.577871722111424013e+01
1.203109732920867730e-01 1.399620752321001804e+00 2.485591710191404236e+00 1.577168770570325762e+01
1.215201186757310925e-01 1.402251605733151774e+00 2.437479847989899362e+00 1.576453036549939846e+01
1.227414161725101094e-01 1.404890311781464840e+00 2.390319346992224592e+00 1.575724381372354799e+01
1.239749879131912119e-01 1.407533819746315640e+00 2.344091248591753551e+00 1.574982666301315248e+01
1.252209572559764839e-01 1.410178892775515891e+00 2.298776971637741529e+00 1.574227752543256820e+01
1.264794487988384897e-01 1.412822107391320747e+00 2.254358304999907414e+00 1.573459501244650127e+01
1.277505883919802521e-01 1.415459853588403094e+00 2.210817400281131384e+00 1.572677773485819586e+01
1.290345031504204210e-01 1.418088335529231525e+00 2.168136764675287154e+00 1.571882430271038622e+01
1.303313214667047026e-01 1.420698048747073061e+00 2.126299206311583312e+00 1.571073367726347847e+01
1.316411730237455058e-01 1.423287123151981914e+00 2.085287946588856745e+00 1.570250430694555099e+01
1.329641888077899847e-01 1.425921312400608709e+00 2.045087099340075820e+00 1.569413034812357033e+01
1.343005011215191169e-01 1.428609422441114107e+00 2.005680592208792135e+00 1.568560963976493561e+01
1.356502435972778975e-01 1.431351205610742472e+00 1.967052596510790341e+00 1.567694059420654007e+01
1.370135512104386222e-01 1.434146248131594747e+00 1.929187598230616807e+00 1.566812162616682613e+01
1.383905602928987566e-01 1.436993959811140087e+00 1.892070391786543571e+00 1.565915115334843577e+01
1.397814085467140033e-01 1.439893564039862017e+00 1.855686073924115886e+00 1.565002759701167179e+01
1.411862350578688419e-01 1.442844088168894423e+00 1.820020037735885055e+00 1.564074938251233782e+01
1.426051803101850701e-01 1.445844354350519945e+00 1.785057966804685092e+00 1.563131493980008280e+01
1.440383861993703163e-01 1.448892970923547852e+00 1.750785829467949695e+00 1.562172270387218020e+01
1.454859960472079106e-01 1.451988324423739485e+00 1.717189873200548611e+00 1.561197111517804537e+01
1.469481546158889484e-01 1.455121302984123011e+00 1.684256568819844535e+00 1.560205908586501522e+01
1.484250081224888218e-01 1.458278606237828345e+00 1.651972633518514089e+00 1.559198577581785017e+01
1.499167042535888561e-01 1.461455910540447434e+00 1.620325115317202469e+00 1.558174975104049409e+01
1.514233921800452187e-01 1.464648812894907781e+00 1.589301321883021645e+00 1.557134957141887810e+01
1.529452225719062086e-01 1.467852598884708870e+00 1.558888813848866572e+00 1.556078380547379325e+01
1.544823476134791207e-01 1.471062244299961908e+00 1.529075399880958530e+00 1.555005103005486866e+01
1.560349210185490998e-01 1.474272418260479833e+00 1.499849131846002326e+00 1.553914982993939908e+01
1.576030980457504838e-01 1.477477487840134440e+00 1.471198300075380772e+00 1.552807879733605922e+01
1.591870355140928006e-01 1.480671524183605481e+00 1.443111428723617751e+00 1.551683653129621909e+01
1.607868918186428353e-01 1.483848310093633049e+00 1.415577271218560140e+00 1.550542163703512522e+01
1.624028269463642649e-01 1.487001349054272614e+00 1.388584805800789024e+00 1.549383272516559806e+01
1.640350024921164440e-01 1.490144172919407151e+00 1.362123346746021646e+00 1.548206709696667716e+01
1.656835816748141177e-01 1.493352996421988932e+00 1.336182763533824591e+00 1.547011803391609064e+01
1.673487293537494480e-01 1.496636105467434197e+00 1.310752726660406209e+00 1.545798327202723677e+01
1.690306120450778271e-01 1.499992798776347058e+00 1.285823062165741604e+00 1.544566112572650241e+01
1.707293979384700844e-01 1.503422096511809691e+00 1.261383798451717553e+00 1.543314992062628654e+01
1.724452569139311164e-01 1.506922704564193971e+00 1.237425162173642734e+00 1.542044799558381030e+01
1.741783605587884087e-01 1.510492999582384810e+00 1.213937574330556490e+00 1.540755370339468655e+01
1.759288821848506990e-01 1.514131015225561594e+00 1.190911646440006910e+00 1.539446541139066049e+01
1.776969968457393634e-01 1.517834429798219587e+00 1.168338176795422623e+00 1.538118150193322720e+01
1.794828813543939139e-01 1.521600555422155221e+00 1.146208146804306161e+00 1.536770037279333145e+01
1.812867143007534931e-01 1.525426328888016769e+00 1.124512717405303563e+00 1.535402043741015099e+01
1.831086760696158944e-01 1.529308304315647460e+00 1.103243225562227536e+00 1.534014012502189317e+01
1.849489488586763541e-01 1.533242647737349307e+00 1.082391180833117916e+00 1.532605788066221386e+01
1.868077166967473113e-01 1.537220292299174229e+00 1.061948240074054972e+00 1.531177248133614377e+01
1.886851654621615748e-01 1.541230384612632731e+00 1.041906221945365196e+00 1.529728280339438662e+01
1.905814829013601774e-01 1.545267037174095526e+00 1.022257133481438096e+00 1.528258738329454935e+01
1.924968586476673571e-01 1.549324034424008900e+00 1.002993141725035064e+00 1.526768476711113287e+01
1.944314842402539156e-01 1.553394769632204575e+00 9.841065703164456613e-01 1.525257351430684771e+01
1.963855531432912305e-01 1.557472255415879081e+00 9.655898964755758040e-01 1.523725219667293196e+01
1.983592607652980844e-01 1.561600400855517989e+00 9.474359579750062377e-01 1.522171602433032866e+01
2.003528044786814233e-01 1.565869257537387371e+00 9.296379071258884519e-01 1.520595724452305753e+01
2.023663836394738180e-01 1.570281865365641627e+00 9.121886672893356751e-01 1.518997388678238281e+01
2.044001996072693783e-01 1.574839896469112599e+00 8.950812980905237248e-01 1.517376406565815294e+01
2.064544557653597567e-01 1.579544581278724991e+00 8.783089966278861960e-01 1.515732591929815953e+01
2.085293575410725742e-01 1.584396671142639157e+00 8.618650947267654239e-01 1.514065761139105248e+01
2.106251124263145702e-01 1.589396013788109352e+00 8.457430548184574626e-01 1.512375735873282245e+01
2.127419299983207557e-01 1.594541660892781598e+00 8.299364680045342446e-01 1.510662342280166115e+01
2.148800219406122314e-01 1.599833111678294451e+00 8.144390561142091922e-01 1.508925402713275510e+01
2.170396020641650880e-01 1.605269306917063377e+00 7.992446654137113082e-01 1.507164742401293012e+01
2.192208863287913034e-01 1.610848600780046436e+00 7.843472641586681782e-01 1.505380189571086369e+01
2.214240928647350781e-01 1.616568738046001430e+00 7.697409402140437118e-01 1.503571575533566396e+01
2.236494419944860257e-01 1.622426834606178314e+00 7.554198987314422187e-01 1.501738734745951653e+01
2.258971562548115486e-01 1.628419361540886623e+00 7.413784598821911986e-01 1.499881504848959857e+01
2.281674604190108147e-01 1.634577051109858292e+00 7.276111702563096140e-01 1.497999492774707164e+01
2.304605815193921659e-01 1.641062039697192443e+00 7.141130975348928267e-01 1.496091432265069265e+01
2.327767488699765963e-01 1.647913973152402400e+00 7.008789924150105044e-01 1.494156889808996169e+01
2.351161940894292979e-01 1.655147690673814731e+00 6.879036284893677022e-01 1.492195599368800529e+01
2.374791511242217712e-01 1.662778693439586508e+00 6.751818848950846830e-01 1.490207290667997420e+01
2.398658562720265841e-01 1.670826890056469560e+00 6.627087552779825641e-01 1.488191664168512851e+01
2.422765482053474972e-01 1.679307834055409510e+00 6.504793188191235753e-01 1.486148450219558192e+01
2.447114679953867333e-01 1.688235458551760049e+00 6.384887475707394788e-01 1.484077390207897729e+01
2.471708591361523877e-01 1.697622681481520956e+00 6.267323067461451069e-01 1.481978232338256696e+01
2.496549675688081171e-01 1.707481249863422645e+00 6.152053527007460554e-01 1.479850732559333260e+01
2.521640417062672168e-01 1.718014827486335827e+00 6.039038663811773233e-01 1.477693345398765778e+01
2.546983324580343044e-01 1.729469774979165875e+00 5.928239902751782919e-01 1.475504260105802778e+01
2.572580932552965827e-01 1.741907963946917048e+00 5.819614144536342515e-01 1.473282932121993483e+01
2.598435800762667891e-01 1.755389968739864415e+00 5.713119059146186673e-01 1.471028829001114779e+01
2.624550514717816085e-01 1.769975300162876852e+00 5.608713082440246467e-01 1.468741428642863589e+01
2.650927685911569909e-01 1.785721675784966322e+00 5.506355387582229088e-01 1.466420224044503584e+01
2.677569952083028171e-01 1.802972686207848785e+00 5.406013152351235584e-01 1.464062752656095334e+01
2.704479977481010766e-01 1.822295246902678745e+00 5.307659254798668957e-01 1.461665062210196275e+01
2.731660453130481669e-01 1.843897346137584492e+00 5.211257602886464335e-01 1.459225696356445745e+01
2.759114097101657559e-01 1.867970503970482588e+00 5.116772224157168925e-01 1.456743323589465255e+01
2.786843654781812063e-01 1.895188643196506595e+00 5.024179195768708750e-01 1.454213293650496830e+01
2.814851899149823367e-01 1.926707853742138710e+00 4.933465482612403030e-01 1.451627702757366478e+01
2.843141631053466289e-01 1.963053514971630165e+00 4.844602411857866775e-01 1.448983069182020600e+01
2.871715679489508233e-01 2.006030657748163470e+00 4.757590580673017322e-01 1.446267066052717354e+01
2.900576901886602887e-01 2.057551485841734973e+00 4.672430833098251690e-01 1.443466773670806447e+01
2.929728184391041657e-01 2.120868638470224443e+00 4.589151841119339381e-01 1.440560013567554698e+01
2.959172442155367788e-01 2.200414079607035500e+00 4.507804046534125697e-01 1.437516586317758893e+01
2.988912619629895406e-01 2.303658502604424285e+00 4.428498206208899002e-01 1.434285244995716191e+01
3.018951690857154535e-01 2.441393299394103433e+00 4.351406925169052919e-01 1.430791711315429993e+01
3.049292659769300418e-01 2.627221964612029392e+00 4.276749862726716422e-01 1.426942175532544255e+01
3.079938560488508781e-01 2.867995076515701403e+00 4.204592011549609376e-01 1.422690639282716063e+01
3.110892457630390906e-01 3.146450728425948196e+00 4.134496715878784867e-01 1.418161836012626509e+01
3.142157446610454041e-01 3.430234756670476060e+00 4.065742489821803640e-01 1.413587470694927362e+01
3.173736653953652675e-01 3.699706793883680511e+00 3.997904133499041723e-01 1.409108030949048462e+01
3.205633237607035113e-01 3.950868372158811148e+00 3.930893336674949334e-01 1.404751539655158332e+01
3.237850387255548634e-01 4.186153457940577916e+00 3.864754569674795914e-01 1.400499529733316528e+01
3.270391324641004904e-01 4.409004858009072159e+00 3.799549542383062750e-01 1.396326194877917004e+01
3.303259303884260589e-01 4.622528439275729539e+00 3.735329576785933470e-01 1.392208178750271585e+01
3.336457611810629831e-01 4.829346601203858391e+00 3.672133251754519101e-01 1.388125670262871836e+01
3.369989568278571324e-01 5.031608503239605845e+00 3.609987266395376926e-01 1.384062360300527494e+01
3.403858526511673865e-01 5.230701170109191445e+00 3.548901683113044880e-01 1.380007575498834882e+01
3.438067873433986454e-01 5.427918385284502989e+00 3.488883532020611855e-01 1.375951344874736115e+01
3.472621030008709031e-01 5.624522482952691860e+00 3.429938143233982051e-01 1.371883937755249860e+01
3.507521451580292160e-01 5.821878921203528456e+00 3.372071727225173232e-01 1.367794854634617252e+01
3.542772628219977848e-01 6.021269110256071144e+00 3.315287827593679792e-01 1.363674253116345270e+01
3.578378085074805925e-01 6.223826734357170487e+00 3.259586388796908429e-01 1.359513406649886136e+01
3.614341382720133722e-01 6.431051755866765696e+00 3.204973244139885935e-01 1.355300792864200332e+01
3.650666117515693476e-01 6.644449617849637058e+00 3.151453311869064633e-01 1.351024838309599829e+01
3.687355921965237426e-01 6.865882300457490928e+00 3.099036820817955284e-01 1.346671239509144335e+01
3.724414465079784464e-01 7.097694619034851549e+00 3.047741295129866579e-01 1.342221936004871452e+01
3.761845452744528862e-01 7.342795220655033539e+00 2.997592633882077973e-01 1.337654420990075366e+01
3.799652628089428830e-01 7.604246998725026074e+00 2.948617638706382826e-01 1.332944887656569932e+01
3.837839771863526539e-01 7.886620641630500472e+00 2.900867226185947501e-01 1.328057599757544516e+01
3.876410702813019582e-01 8.195551782778819572e+00 2.854408075703279146e-01 1.322948114916420614e+01
3.915369278063148828e-01 8.538906569636564470e+00 2.809342040871228852e-01 1.317553822317639067e+01
3.954719393503902114e-01 8.925827486649033915e+00 2.765789430776819380e-01 1.311801071353889370e+01
3.994464984179615374e-01 9.367345281865016915e+00 2.723900128169894908e-01 1.305599647553161091e+01
4.034610024682479534e-01 9.874621778956385043e+00 2.683825545165021698e-01 1.298856082170502013e+01
4.075158529549997577e-01 1.045405155551781462e+01 2.645639631368358335e-01 1.291512867268654574e+01
4.116114553666448406e-01 1.110093701684178313e+01 2.609236383173131335e-01 1.283601185972459291e+01
4.157482192668371379e-01 1.179817691869499363e+01 2.574308777555865402e-01 1.275254921485766957e+01
4.199265583354142017e-01 1.252394563232380698e+01 2.540475088678083027e-01 1.266650548225969608e+01
4.241468904097647763e-01 1.326041991382156127e+01 2.507423058278848704e-01 1.257935145731392979e+01
4.284096375266132073e-01 1.399568489179913122e+01 2.474940839228341183e-01 1.249209144684159156e+01
4.327152259642235710e-01 1.471983182266565571e+01 2.442849638635437859e-01 1.240558791827340812e+01
4.370640862850275754e-01 1.542540752575153462e+01 2.411011758914013148e-01 1.232051520524415089e+01
4.414566533786812852e-01 1.610725254557521779e+01 2.379328737309288622e-01 1.223736342546887812e+01
4.458933665055547224e-01 1.676374382605134983e+01 2.347764287186671073e-01 1.215631446763485535e+01
4.503746693406577850e-01 1.739614594344136478e+01 2.316333850838828978e-01 1.207728666121678884e+01
4.549010100180082561e-01 1.800770151549818365e+01 2.285088900774177589e-01 1.200000807114363610e+01
4.594728411754461228e-01 1.860295570754196248e+01 2.254104987627350565e-01 1.192407253998095484e+01
4.640906199998967030e-01 1.918578812012299650e+01 2.223446174844899426e-01 1.184912385954357639e+01
4.687548082730909060e-01 1.975900075502794451e+01 2.193157185945914245e-01 1.177489955063265192e+01
4.734658724177425726e-01 2.032598181157494466e+01 2.163293735241577642e-01 1.170107027998348315e+01
4.782242835441923301e-01 2.088920117286670219e+01 2.133895084279877341e-01 1.162738700813554260e+01
4.830305174975180749e-01 2.145028660565996503e+01 2.104985059541096548e-01 1.155367863407571072e+01
4.878850549051201857e-01 2.201025445243074330e+01 2.076576504983465576e-01 1.147983049537827149e+01
4.927883812247852435e-01 2.256953048230440828e+01 2.048671476661523827e-01 1.140578553022526265e+01
4.977409867932310328e-01 2.312851926208452724e+01 2.021271968604306246e-01 1.133148632732321559e+01
5.027433668751417617e-01 2.368724825318588145e+01 1.994373098330376182e-01 1.125691366266808124e+01
5.077960217126941123e-01 2.424549320472494784e+01 1.967965460464402572e-01 1.118207449155475963e+01
5.128994565755824464e-01 2.480317925567465664e+01 1.942042762403992373e-01 1.110695915555040436e+01
5.180541818115460551e-01 2.536001224651547759e+01 1.916594729845574052e-01 1.103158165845165861e+01
5.232607128974040567e-01 2.591613794750061217e+01 1.891620022553193170e-01 1.095590560465303120e+01
5.285195704906039404e-01 2.647157405809974051e+01 1.867115154031343538e-01 1.087990718842948645e+01
5.338312804812871404e-01 2.702671978010360121e+01 1.843084780048811211e-01 1.080351531693652589e+01
5.391963740448795228e-01 2.758216414895174751e+01 1.819538091872069108e-01 1.072663154891272796e+01
5.446153876952081196e-01 2.813843719529064202e+01 1.796483919315096101e-01 1.064915850913256001e+01
5.500888633381539883e-01 2.869681260384809107e+01 1.773947782259356065e-01 1.057089852953384757e+01
5.556173483258425305e-01 2.925805470904785466e+01 1.751945964069472061e-01 1.049170665409952541e+01
5.612013955113795971e-01 2.982262624339404411e+01 1.730489809537619772e-01 1.041146660429817317e+01
5.668415633041372637e-01 3.039113295741755394e+01 1.709595486223485505e-01 1.033003289409295178e+01
5.725384157255949402e-01 3.096414369990042204e+01 1.689280367055313870e-01 1.024725261690815437e+01
5.782925224657419205e-01 3.154161235752087578e+01 1.669550172510363417e-01 1.016304416541026079e+01
5.841044589400476994e-01 3.212454919506831175e+01 1.650437480197061435e-01 1.007716385978603668e+01
5.899748063470028336e-01 3.271164211274204092e+01 1.631922950850560050e-01 9.989686474964402763e+00
5.959041517262397836e-01 3.330291616177753156e+01 1.614021177215408942e-01 9.900483175011769887e+00
6.018930880172380649e-01 3.389847321386275070e+01 1.596751724655878779e-01 9.809397538127072380e+00
6.079422141186170414e-01 3.449449243065845394e+01 1.580036370890408326e-01 9.716878120794815388e+00
6.140521349480283497e-01 3.509224172762054650e+01 1.563928348230925192e-01 9.622570418881551291e+00
6.202234615026461784e-01 3.568818713454030700e+01 1.548354690012558044e-01 9.526899992346201884e+00
6.264568109202687252e-01 3.627851316527467418e+01 1.533229092529491688e-01 9.430378397572088289e+00
6.327528065410324976e-01 3.686513362349761280e+01 1.518626759716246999e-01 9.332526518003692928e+00
6.391120779697462284e-01 3.744137299512917849e+01 1.504366977038266162e-01 9.234440764851020944e+00
6.455352611388519568e-01 3.800504685978086172e+01 1.490391131341802788e-01 9.136466035045915035e+00
6.520229983720194911e-01 3.855818163076409633e+01 1.476774279958942837e-01 9.038128093570703570e+00
6.585759384483785839e-01 3.909589983573269478e+01 1.463359115385779452e-01 8.940376436061052701e+00
6.651947366673975903e-01 3.961604267066019247e+01 1.450064494854492181e-01 8.843690063655234468e+00
6.718800549144140488e-01 4.012055855260314274e+01 1.436954937427182555e-01 8.747657973741068460e+00
6.786325617268239574e-01 4.061007554230153005e+01 1.424052650945513698e-01 8.652129416231186809e+00
6.854529323609355185e-01 4.108001174749206541e+01 1.411159606022465984e-01 8.558290567982405506e+00
6.923418488594959008e-01 4.153082640705118678e+01 1.398268425285241479e-01 8.466164903184361989e+00
6.993000001198955706e-01 4.196347222344961381e+01 1.385394136884709748e-01 8.375640711879251299e+00
7.007000001201356687e-01 4.204537189210419257e+01 1.382697575555658365e-01 8.358474169998684644e+00
7.077421521972196983e-01 4.244783759504704079e+01 1.369362489229813407e-01 8.272749790779277745e+00
7.148550790793104515e-01 4.282437226554102949e+01 1.355502608469261461e-01 8.191851466252385805e+00
7.220394920650237136e-01 4.318561512223577381e+01 1.341620454511437965e-01 8.112727080887379927e+00
7.292961096016448153e-01 4.353292758457925515e+01 1.327762828949003437e-01 8.035078817716103217e+00
7.366256573569752719e-01 4.386698898289247239e+01 1.313943541653969094e-01 7.958808466587974806e+00
7.440288682918979601e-01 4.418831538377995116e+01 1.300169027184077120e-01 7.883862698727385876e+00
7.515064827336760400e-01 4.449528649612119580e+01 1.286283738116117681e-01 7.811171973616769293e+00
7.590592484499849579e-01 4.478873644181039992e+01 1.272292244862012756e-01 7.740699514799902481e+00
7.666879207236901861e-01 4.507006845082200641e+01 1.258252410557523793e-01 7.672085396207818597e+00
7.743932624283768051e-01 4.534026569131818718e+01 1.244201467345755208e-01 7.605094247279371444e+00
7.821760441046360368e-01 4.560006691977396542e+01 1.230164741501432318e-01 7.539562483613120314e+00
7.900370440371212721e-01 4.585005829373439212e+01 1.216160222736695218e-01 7.475370729023357974e+00
7.979770483323764818e-01 4.609072513703294049e+01 1.202201142695579483e-01 7.412428280228397171e+00
8.059968509974481110e-01 4.632237014097089656e+01 1.188280274690823174e-01 7.350770490085703379e+00
8.140972540192858986e-01 4.654502098815307676e+01 1.174339900163539480e-01 7.290747279523263735e+00
8.222790674449420578e-01 4.675924712441334918e+01 1.160396327961716462e-01 7.232253261806719458e+00
8.305431094625775890e-01 4.696558240867281597e+01 1.146470895716678040e-01 7.175151046668150734e+00
8.388902064832809424e-01 4.716447558660015460e+01 1.132580637526464373e-01 7.119328946761982024e+00
8.473211932237102451e-01 4.735631085054467349e+01 1.118739331125742781e-01 7.064694661621789606e+00
8.558369127895651962e-01 4.754142241614300701e+01 1.104958244202044054e-01 7.011170793250451894e+00
8.644382167598988476e-01 4.772010509514700516e+01 1.091246678242536045e-01 6.958691589864744564e+00
8.731259652722761500e-01 4.789262211906716260e+01 1.077612370187473190e-01 6.907200550032388975e+00
8.819010271087881492e-01 4.805921109128383506e+01 1.064061742325446980e-01 6.856648963818440023e+00
8.907642797829308234e-01 4.822008857326648723e+01 1.050600221806120144e-01 6.806993980975454051e+00
8.997166096273578884e-01 4.837545462343116753e+01 1.037231984083351322e-01 6.758200387389624808e+00
9.087589118825140089e-01 4.852556198471115323e+01 1.023940880467156672e-01 6.710365764489929497e+00
9.178920907861599643e-01 4.867066717963137279e+01 1.010721299713001203e-01 6.663520955094968556e+00
9.271170596637973160e-01 4.881097612104873917e+01 9.975810144923426270e-02 6.617609267386333372e+00
9.364347410200010158e-01 4.894667478879898681e+01 9.845267046953964929e-02 6.572580378222560249e+00
9.458460666306716114e-01 4.907793228284407405e+01 9.715641228286936437e-02 6.528389352145043567e+00
9.553519776362130456e-01 4.920490329790101214e+01 9.586982292247182846e-02 6.484995843617503475e+00
9.649534246356474831e-01 4.932773014670026157e+01 9.459333035013242630e-02 6.442363442710968613e+00
9.746513677816759369e-01 4.944654442749948231e+01 9.332730371483537180e-02 6.400459134225185309e+00
9.844467768766946847e-01 4.956146840860894542e+01 9.207206109794201232e-02 6.359252847350296278e+00
9.943406314697761372e-01 4.967261618587055949e+01 9.082787603440167779e-02 6.318717078212563010e+00
1.004333920954624704e+00 4.978009465652944243e+01 8.959498303641313943e-02 6.278826571555530478e+00
1.014427644668516093e+00 4.988400434353228974e+01 8.837358229821822009e-02 6.239558050752658680e+00
1.024622811992233817e+00 4.998444009714370395e+01 8.716384372420088456e-02 6.200889987590755048e+00
1.034920442451005895e+00 5.008149169529406919e+01 8.596591039431562831e-02 6.162802404986608806e+00
1.045321565816459630e+00 5.017524488323095255e+01 8.477989805998942252e-02 6.125276959932554277e+00
1.055827222209599237e+00 5.026578158902177051e+01 8.360590018696527348e-02 6.088296628681876044e+00
1.066438462204818638e+00 5.035317946808197576e+01 8.244399556331835632e-02 6.051845190497111560e+00
1.077156346934960318e+00 5.043751277899153251e+01 8.129424615426548983e-02 6.015907409584923649e+00
1.087981948197428883e+00 5.051885268325358425e+01 8.015669878026719652e-02 5.980468941903307467e+00
1.098916348561371770e+00 5.059726750325692990e+01 7.903138663374266459e-02 5.945516250575982653e+00
1.109960641475937315e+00 5.067285521310891738e+01 7.791817111942368757e-02 5.911048631374212547e+00
1.121115931379620845e+00 5.074579021697780945e+01 7.681656035897965751e-02 5.877092637885633408e+00
1.132383333810708548e+00 5.081613891650331283e+01 7.572661962555922444e-02 5.843632996909396304e+00
1.143763975518833576e+00 5.088395860406554050e+01 7.464842741328471531e-02 5.810653129386637694e+00
1.155258994577650133e+00 5.094930389498241396e+01 7.358204525078032576e-02 5.778137455938518130e+00
1.166869540498643554e+00 5.101222696849185212e+01 7.252751927727667247e-02 5.746071309675134131e+00
1.178596774346081455e+00 5.107277778132268509e+01 7.148488165504224279e-02 5.714440858433169623e+00
1.190441868853120866e+00 5.113100425746775812e+01 7.045415183818182214e-02 5.683233035241569198e+00
1.202406008539084192e+00 5.118695245722997100e+01 6.943533771500585983e-02 5.652435475989951996e+00
1.214490389827909578e+00 5.124066672816174162e+01 6.842843663878953042e-02 5.622036463421451025e+00
1.226696221167796530e+00 5.129218996994207913e+01 6.743343592391685959e-02 5.592024912835220185e+00
1.239024723152050367e+00 5.134156386393034666e+01 6.645031341929308333e-02 5.562390350940174422e+00
1.251477128641143466e+00 5.138882855315577558e+01 6.547903974158995888e-02 5.533122753590848930e+00
1.264054682886001979e+00 5.143402291678589222e+01 6.451957831445115366e-02 5.504212561656234293e+00
1.276758643652531555e+00 5.147718466430464446e+01 6.357188597155627452e-02 5.475650649488402522e+00
1.289590281347394951e+00 5.151835041493645662e+01 6.263591352699593440e-02 5.447428294589026443e+00
1.302550879145055740e+00 5.155755576960379472e+01 6.171160629640084355e-02 5.419537149974120283e+00
1.315641733116093670e+00 5.159483537623130189e+01 6.079890457377739449e-02 5.391969218954950627e+00
1.328864152356814765e+00 5.163022298910644992e+01 5.989774406842417881e-02 5.364716832087182752e+00
1.342219459120162162e+00 5.166375152292327044e+01 5.900805630580548827e-02 5.337772626069617665e+00
1.355708988947941229e+00 5.169545310205777611e+01 5.812976899582798090e-02 5.311129524398814361e+00
1.369334090804376736e+00 5.172535910556087657e+01 5.726280637158012027e-02 5.284780719608626498e+00
1.383096127211008053e+00 5.175350020829787212e+01 5.640708950127033133e-02 5.258719656942107967e+00
1.396996474382944609e+00 5.177990641861437382e+01 5.556253657580505212e-02 5.232940019320422742e+00
1.411036522366486912e+00 5.180460711286564646e+01 5.472906317419135719e-02 5.207435713488028917e+00
1.425217675178133359e+00 5.182763100857240346e+01 5.390658263478555895e-02 5.182200845107608700e+00
1.439541350944983256e+00 5.184900568398879983e+01 5.309500732743322599e-02 5.157229604773138298e+00
1.454008982046549381e+00 5.186875861572278268e+01 5.229424663666234346e-02 5.132516469657629976e+00
1.468622015257998514e+00 5.188691695054447450e+01 5.150420780301315921e-02 5.108056134464410647e+00
1.483381911894828820e+00 5.190350733837311736e+01 5.072479652412621026e-02 5.083843461961913057e+00
1.498290147959004504e+00 5.191855595320034666e+01 4.995591712110924315e-02 5.059873474323745235e+00
1.513348214286555748e+00 5.193208851242161472e+01 4.919747269303656467e-02 5.036141345083033904e+00
1.528557616696662791e+00 5.194413029471245125e+01 4.844936526053233994e-02 5.012642391649984042e+00
1.543919876142241909e+00 5.195470615657522018e+01 4.771149589929844087e-02 4.989372068346556333e+00
1.559436528862039539e+00 5.196384054766693339e+01 4.698376486437425004e-02 4.966325959916248145e+00
1.575109126534258053e+00 5.197155752501058146e+01 4.626607170583980910e-02 4.943499775471083879e+00
1.590939236431725412e+00 5.197788076618100206e+01 4.555831537661541447e-02 4.920889342841106462e+00
1.606928441578623135e+00 5.198283358154926503e+01 4.486039433294912449e-02 4.898490603295122092e+00
1.623078340908790107e+00 5.198643892566020952e+01 4.417220662813588911e-02 4.876299606603888392e+00
1.639390549425617793e+00 5.198871940781274503e+01 4.349364999996334358e-02 4.854312506419690365e+00
1.655866698363551048e+00 5.198969722747875011e+01 4.282462206336322408e-02 4.832525543419909475e+00
1.672508435351214517e+00 5.198939344056274336e+01 4.216502145005781438e-02 4.810934919219880257e+00
1.689317424576174620e+00 5.198782940537933683e+01 4.151474568799867065e-02 4.789537037940267084e+00
1.706295346951361758e+00 5.198502645156614221e+01 4.087369186442824792e-02 4.768328439364331928e+00
1.723443900283161634e+00 5.198100560611004539e+01 4.024175711931743393e-02 4.747305747405229148e+00
1.740764799441197663e+00 5.197578760024993727e+01 3.961883870281162484e-02 4.726465666984867475e+00
1.758259776529820240e+00 5.196939287592519463e+01 3.900483402893908241e-02 4.705804981096712858e+00
1.775930581061316627e+00 5.196184159180297257e+01 3.839964072583566812e-02 4.685320548038980348e+00
1.793778980130866563e+00 5.195315362891471267e+01 3.780315668271185675e-02 4.665009298806723770e+00
1.811806758593250244e+00 5.194334859593004694e+01 3.721528009377464419e-02 4.644868234631729820e+00
1.830015719241337546e+00 5.193244583409432380e+01 3.663590949929906859e-02 4.624894424660263681e+00
1.848407682986366929e+00 5.192046442185349520e+01 3.606494382403202525e-02 4.605085003759075590e+00
1.866984489040039774e+00 5.190742317918788729e+01 3.550228241309423549e-02 4.585437170441242216e+00
1.885747995098442598e+00 5.189334067167575881e+01 3.494782506553602286e-02 4.565948184903799500e+00
1.904700077527816671e+00 5.187823521430628659e+01 3.440147206569145466e-02 4.546615367169710709e+00
1.923842631552199256e+00 5.186212457017369104e+01 3.386312454060924626e-02 4.527436051454906796e+00
1.943177571442944451e+00 5.184502537873811434e+01 3.333268504750713790e-02 4.508407506186671299e+00
1.962706830710153838e+00 5.182695512117146563e+01 3.281005547925026217e-02 4.489527215425828999e+00
1.982432362296029149e+00 5.180793115811024308e+01 3.229513819926470991e-02 4.470792733132015861e+00
2.002356138770166272e+00 5.178797061502942967e+01 3.178783619292873536e-02 4.452201664614055865e+00
2.022480152526815900e+00 5.176709038486502834e+01 3.128805308771000909e-02 4.433751665197668501e+00
2.042806415984123714e+00 5.174530713048747543e+01 3.079569317189092409e-02 4.415440438957046965e+00
2.063336961785374957e+00 5.172263728703591568e+01 3.031066141195985428e-02 4.397265737506432792e+00
2.084073843002257842e+00 5.169909706412360606e+01 2.983286346874332653e-02 4.379225358847818939e+00
2.105019133340174431e+00 5.167470244792357192e+01 2.936220571234793644e-02 4.361317146271284528e+00
2.126174927345613863e+00 5.164946920314268652e+01 2.889859523597614749e-02 4.343538987304741639e+00
2.147543340615606589e+00 5.162341287489245190e+01 2.844193986867767435e-02 4.325888812709913545e+00
2.169126510009285358e+00 5.159654879046471621e+01 2.799214818709154159e-02 4.308364595521870122e+00
2.190926593861577398e+00 5.156889206101777745e+01 2.754912952623284061e-02 4.290964350129322646e+00
2.212945772199033545e+00 5.154045755198762180e+01 2.711279401479169127e-02 4.273686127386708833e+00
2.235186246957836964e+00 5.151125868965377208e+01 2.668305352965135574e-02 4.256527862700661302e+00
2.257650242203997681e+00 5.148130908827155139e+01 2.625982032522904477e-02 4.239487588490020720e+00
2.280340004355760453e+00 5.145062302416751265e+01 2.584300672802708823e-02 4.222563488236301232e+00
2.303257802408248622e+00 5.141921456399389712e+01 2.543252587208838858e-02 4.205753782178762279e+00
2.326405928160365288e+00 5.138709756602517587e+01 2.502829170455100199e-02 4.189056726618526127e+00
2.349786696443976197e+00 5.135428568140630290e+01 2.463021899056541328e-02 4.172470613247491578e+00
2.373402445355393020e+00 5.132079235535747586e+01 2.423822331760444593e-02 4.155993768500729324e+00
2.397255536489188099e+00 5.128663082833884346e+01 2.385222109919632114e-02 4.139624552930725621e+00
2.421348355174350875e+00 5.125181413717967160e+01 2.347212957810861783e-02 4.123361360602157077e+00
2.445683310712829073e+00 5.121635511617485292e+01 2.309786682900829419e-02 4.107202618506082814e+00
2.470262836620454205e+00 5.118026639815325751e+01 2.272935176062412799e-02 4.091146785992151536e+00
2.495089390870300683e+00 5.114356041552027676e+01 2.236650411743387051e-02 4.075192354217911372e+00
2.520165456138482085e+00 5.110624940127835458e+01 2.200924448089896721e-02 4.059337845614066076e+00
2.545493540052422787e+00 5.106834539002814921e+01 2.165749427026776586e-02 4.043581813364779620e+00
2.571076175441620038e+00 5.102985932215949560e+01 2.131117628974479872e-02 4.027922737558290223e+00
2.596915920590932458e+00 5.099080066349187490e+01 2.097021488925495530e-02 4.012358987561969847e+00
2.623015359496407406e+00 5.095118080958430085e+01 2.063453389983225736e-02 3.996889212848417916e+00
2.649377102123684935e+00 5.091101102826627312e+01 2.030405795536005531e-02 3.981512099037810781e+00
2.676003784668997021e+00 5.087030239258169928e+01 1.997871253349997600e-02 3.966226359544182678e+00
2.702898069822786464e+00 5.082906578175798984e+01 1.965842395388168670e-02 3.951030735154116069e+00
2.730062647035980561e+00 5.078731188217328452e+01 1.934311937600645057e-02 3.935923993613594796e+00
2.757500232788939076e+00 5.074505118832307460e+01 1.903272679687583943e-02 3.920904929222797541e+00
2.785213570863100063e+00 5.070229400378791951e+01 1.872717504836025892e-02 3.905972362437947876e+00
2.813205432615366597e+00 5.065905044220428266e+01 1.842639379431709398e-02 3.891125139480115624e+00
2.841478617255240646e+00 5.061533118375459850e+01 1.813031314078978121e-02 3.876362214624999414e+00
2.870035952124746270e+00 5.057122669165328688e+01 1.783882432003550123e-02 3.861691165238315460e+00
2.898880292981169671e+00 5.052678935591722365e+01 1.755184157363115158e-02 3.847115164464319559e+00
2.928014524282631648e+00 5.048202721332610565e+01 1.726930271613470735e-02 3.832632565431247418e+00
2.957441559476543524e+00 5.043694757088238845e+01 1.699114637740082451e-02 3.818241704261124969e+00
2.987164341290945213e+00 5.039155538793698952e+01 1.671731272624467357e-02 3.803940732491201349e+00
3.017185842028788478e+00 5.034585773884619897e+01 1.644774135163439358e-02 3.789728091835981694e+00
3.047509063865163625e+00 5.029986197600862852e+01 1.618237220557915829e-02 3.775602310948680707e+00
3.078137039147525567e+00 5.025357528250179229e+01 1.592114582584800916e-02 3.761561956343281832e+00
3.109072830698924150e+00 5.020700467377614729e+01 1.566400334072421199e-02 3.747605631586573782e+00
3.140319532124296042e+00 5.016015699932575700e+01 1.541088647322216669e-02 3.733731976510199502e+00
3.171880268119821711e+00 5.011303894433717687e+01 1.516173754479094304e-02 3.719939666441529624e+00
3.203758194785401692e+00 5.006565703132016409e+01 1.491649947852600501e-02 3.706227411452581055e+00
3.235956499940268127e+00 5.001801762172202359e+01 1.467511580191057513e-02 3.692593955626088498e+00
3.268478403441767544e+00 4.997012691752869529e+01 1.443753064910716435e-02 3.679038076337902918e+00
3.301327157507351728e+00 4.992199096285433768e+01 1.420368876281851746e-02 3.665558583555057481e+00
3.334506047039802468e+00 4.987361564552163173e+01 1.397353549573732319e-02 3.652154319148658068e+00
3.368018389955721226e+00 4.982500669863490828e+01 1.374701681160282914e-02 3.638824156220962447e+00
3.401867537517326845e+00 4.977616922393657006e+01 1.352407946188570291e-02 3.625566951262435555e+00
3.436056874667583472e+00 4.972710481285383821e+01 1.330467200217414631e-02 3.612381264613056864e+00
3.470589820368696898e+00 4.967781778002395043e+01 1.308874246245690653e-02 3.599265979661335102e+00
3.505469827944014849e+00 4.962831330531295748e+01 1.287623910970641175e-02 3.586220109129474753e+00
3.540700385423361851e+00 4.957859641970038211e+01 1.266711082991646073e-02 3.573242693082025578e+00
3.576285015891845109e+00 4.952867200689078686e+01 1.246130712674809425e-02 3.560332798354204353e+00
3.612227277842164685e+00 4.947854480492775764e+01 1.225877811991077024e-02 3.547489517989512731e+00
3.648530765530467956e+00 4.942821940781162482e+01 1.205947454329141418e-02 3.534711970686293281e+00
3.685199109335777212e+00 4.937770026712157545e+01 1.186334774284361973e-02 3.521999300252791620e+00
3.722235976123029033e+00 4.932699169364326508e+01 1.167034967424797343e-02 3.509350675070632253e+00
3.759645069609767187e+00 4.927609785900258288e+01 1.148043290035579214e-02 3.496765287566088620e+00
3.797430130736513476e+00 4.922502279730645114e+01 1.129355058842590638e-02 3.484242353689238847e+00
3.835594938040869373e+00 4.917377040679144784e+01 1.110965650716602866e-02 3.471781112400413871e+00
3.874143308035369770e+00 4.912234445148051520e+01 1.092870502358792018e-02 3.459380825163985929e+00
3.913079095589136802e+00 4.907074735508999197e+01 1.075065144779916923e-02 3.447040663831847596e+00
3.952406194313372811e+00 4.901896988616306317e+01 1.057545489786581271e-02 3.434758771326576365e+00
3.992128536950723117e+00 4.896701183259296641e+01 1.040307223064420791e-02 3.422534188815478107e+00
4.032250095768553422e+00 4.891487671085987898e+01 1.023345977047649888e-02 3.410366336569312207e+00
4.072774882956180065e+00 4.886256790282367035e+01 1.006657444528063529e-02 3.398254652326174075e+00
4.113706951026093073e+00 4.881008865766017379e+01 9.902373781281578399e-03 3.386198590921720708e+00
4.155050393219209326e+00 4.875744209380412997e+01 9.740815897677014210e-03 3.374197623921481259e+00
4.196809343914199353e+00 4.870463120089812747e+01 9.581859501242143140e-03 3.362251239255349411e+00
4.238987979040934384e+00 4.865165884174866306e+01 9.425463880878013137e-03 3.350358940854342382e+00
4.281590516498075871e+00 4.859852775428855409e+01 9.271588902108090363e-03 3.338520248289639447e+00
4.324621216574871418e+00 4.854524055354662693e+01 9.120195001527369588e-03 3.326734696413945702e+00
4.368084382377187325e+00 4.849179973362397078e+01 8.971243181208570991e-03 3.315001835005141118e+00
4.411984360257823035e+00 4.843820766967706248e+01 8.824695003068865062e-03 3.303321228412492871e+00
4.456325540251151018e+00 4.838446661990791853e+01 8.680512583202085186e-03 3.291692455205189383e+00
4.501112356512120272e+00 4.833060173917336044e+01 8.538653373754655912e-03 3.280117110171245631e+00
4.546349287759681168e+00 4.827674436312977946e+01 8.399052306866388803e-03 3.268605881275242098e+00
4.592040857724653868e+00 4.822291824658700676e+01 8.261670705004399082e-03 3.257159854132642529e+00
4.638191635602112228e+00 4.816912099639516498e+01 8.126476266614680519e-03 3.245777856937345440e+00
4.684806236508305410e+00 4.811535023775893194e+01 7.993437001159271402e-03 3.234458761161047136e+00
4.731889321942166049e+00 4.806160361336927878e+01 7.862521234690144842e-03 3.223201480095907012e+00
4.779445600251476023e+00 4.800787878257466446e+01 7.733697614864296077e-03 3.212004967440359682e+00
4.827479827103695165e+00 4.795417342059388233e+01 7.606935115427847401e-03 3.200868215926538252e+00
4.875996805961538172e+00 4.790048521777247004e+01 7.482203040195004214e-03 3.189790255988123491e+00
4.925001388563321036e+00 4.784681187888430998e+01 7.359471026547687034e-03 3.178770154467182696e+00
4.974498475408141829e+00 4.779315112248026054e+01 7.238709048479940837e-03 3.167807013358797885e+00
5.024493016245933141e+00 4.773950068028383953e+01 7.119887419210489329e-03 3.156899968592318917e+00
5.074990010572439481e+00 4.768585829663577158e+01 7.002976793386124325e-03 3.146048188847954119e+00
5.125994508129177341e+00 4.763222172798782594e+01 6.887948168897043560e-03 3.135250874407758737e+00
5.177511609408403714e+00 4.757858842517078557e+01 6.774772944983267937e-03 3.124507229909246231e+00
5.229546466163178309e+00 4.752495375885191464e+01 6.663423226889206123e-03 3.113816319682385814e+00
5.282104281922538114e+00 4.747131462450382600e+01 6.553871170295545202e-03 3.103177366273111470e+00
5.335190312511860711e+00 4.741766847365522608e+01 6.446089174731869063e-03 3.092589665779549968e+00
5.388809866578438523e+00 4.736401277748437622e+01 6.340049982180971481e-03 3.082052542178399079e+00
5.442968306122365263e+00 4.731034502628334337e+01 6.235726677377774994e-03 3.071565346291098120e+00
5.497671047032725689e+00 4.725666272897930753e+01 6.133092687821992649e-03 3.061127454780451007e+00
5.552923559629198813e+00 4.720296341271239271e+01 6.032121783521615307e-03 3.050738269176606732e+00
5.608731369209086104e+00 4.714924462246953141e+01 5.932788076482737281e-03 3.040397214931682246e+00
5.665100056599851719e+00 4.709550392077273528e+01 5.835066019961003200e-03 3.030103740502161358e+00
5.722035258717209416e+00 4.704173888742214871e+01 5.738930407489491528e-03 3.019857316458087304e+00
5.779542669128819199e+00 4.698794711929160428e+01 5.644356371696710416e-03 3.009657434618374428e+00
5.837628038623641658e+00 4.693412623017600538e+01 5.551319382927808257e-03 2.999503607211562617e+00
5.896297175787032607e+00 4.688027385069012354e+01 5.459795247682066623e-03 2.989395366061030845e+00
5.955555947581601117e+00 4.682638336791184486e+01 5.369760707638776900e-03 2.979331928471165458e+00
6.015410279933908200e+00 4.677243308992493098e+01 5.281194863321334032e-03 2.969311372698466123e+00
6.075866158327065669e+00 4.671841828930222817e+01 5.194074623197546432e-03 2.959333152223763364e+00
6.136929628399294678e+00 4.666433710040659122e+01 5.108376828958751878e-03 2.949396959996778200e+00
6.198606796548489228e+00 4.661018765877609837e+01 5.024078665364594548e-03 2.939502501679180924e+00
6.260903830542861925e+00 4.655596810173878453e+01 4.941157656932990486e-03 2.929649495077265353e+00
6.323826960137724384e+00 4.650167656905834690e+01 4.859591664562310474e-03 2.919837669590597873e+00
6.387382477698476002e+00 4.644731120360826537e+01 4.779358882092047019e-03 2.910066765676452949e+00
6.451576738829832180e+00 4.639287015207474241e+01 4.700437832808915598e-03 2.900336534329274407e+00
6.516416163011404805e+00 4.633835156568540725e+01 4.622807365903674158e-03 2.890646736575168241e+00
6.581907234239642968e+00 4.628375360096369917e+01 4.546446652884951825e-03 2.880997142980728842e+00
6.648056501676245844e+00 4.622907442050738069e+01 4.471335183954999563e-03 2.871387533176083195e+00
6.714870580303082370e+00 4.617432119082909736e+01 4.397451725568660846e-03 2.861818371421995799e+00
6.782356151583692316e+00 4.611962623990722676e+01 4.324761309522420598e-03 2.852299430116373102e+00
6.850519964131444262e+00 4.606502022193124191e+01 4.253241877151938376e-03 2.842832601767342648e+00
6.919368834384393097e+00 4.601047366136474892e+01 4.182878457500750942e-03 2.833415292388892226e+00
6.988909647286941862e+00 4.595597874442071884e+01 4.113653750237479881e-03 2.824046577540627379e+00
7.059149356978331014e+00 4.590152862754271013e+01 4.045550552236590845e-03 2.814725627374444539e+00
7.130094987488059921e+00 4.584711666337162228e+01 3.978551847958791167e-03 2.805451647281218541e+00
7.201753633438303659e+00 4.579273639530293849e+01 3.912640811979146462e-03 2.796223876299084310e+00
7.274132460753373053e+00 4.573838155224673585e+01 3.847800811170416172e-03 2.787041585581696790e+00
7.347238707376314792e+00 4.568404604358494225e+01 3.784015406562116386e-03 2.777904076924327281e+00
7.421079683992714671e+00 4.562972395432193906e+01 3.721268354894815590e-03 2.768810681345771130e+00
7.495662774761765235e+00 4.557540954042448078e+01 3.659543609888086559e-03 2.759760757724206481e+00
7.570995438054697324e+00 4.552109722434538952e+01 3.598825323239913075e-03 2.750753691485003483e+00
7.647085207200619017e+00 4.546678159072707359e+01 3.539097845374322357e-03 2.741788893338716004e+00
7.723939691239854355e+00 4.541245738227991779e+01 3.480345725953171848e-03 2.732865798067500407e+00
7.801566575684850235e+00 4.535811949583003155e+01 3.422553714167357684e-03 2.723983863358208968e+00
7.879973623288742957e+00 4.530374988843628614e+01 3.365707913522202662e-03 2.715141637174831146e+00
7.959168674821629708e+00 4.524932881981346355e+01 3.309794682331119141e-03 2.706337592304358886e+00
8.039159649854662248e+00 4.519485290203044059e+01 3.254799098384935242e-03 2.697571392695130577e+00
8.119954547552001856e+00 4.514031898724250169e+01 3.200706445927271448e-03 2.688842724436353304e+00
8.201561447470748334e+00 4.508572401790787865e+01 3.147502227129140955e-03 2.680151284450172700e+00
8.283988510368898162e+00 4.503106502543700884e+01 3.095172160108787540e-03 2.671496779860710991e+00
8.367243979021433020e+00 4.497633912892073482e+01 3.043702176886728481e-03 2.662878927387539729e+00
8.451336179044593777e+00 4.492154353393550537e+01 2.993078421282215421e-03 2.654297452762850007e+00
8.536273519728466042e+00 4.486667553142100218e+01 2.943287246757136585e-03 2.645752090171421766e+00
8.622064494877895058e+00 4.481173249662770530e+01 2.894315214212989096e-03 2.637242581712624823e+00
8.708717683661888032e+00 4.475671188813105772e+01 2.846149089746012779e-03 2.628768676883839195e+00
8.796241751471537640e+00 4.470161124690924481e+01 2.798775842365688795e-03 2.620330132084381258e+00
8.884645450786559095e+00 4.464642819548141262e+01 2.752182641681098167e-03 2.611926710139380603e+00
8.973937622050556229e+00 4.459116029489504740e+01 2.706356865816072522e-03 2.603558169976013748e+00
9.064127194555064548e+00 4.453578204022213072e+01 2.661287705644349837e-03 2.595222698792253091e+00
9.155223187332493850e+00 4.448028166911286263e+01 2.616963465773879897e-03 2.586919469407355177e+00
9.247234710058030771e+00 4.442465700761795233e+01 2.573371953023977088e-03 2.578648318186562260e+00
9.340170963960630957e+00 4.436890595522634584e+01 2.530501168926212966e-03 2.570409084960690649e+00
9.434041242743127498e+00 4.431302648432075841e+01 2.488339307083241216e-03 2.562201612676042739e+00
9.528854933511627934e+00 4.425701663967831223e+01 2.446874750528273135e-03 2.554025747059841756e+00
9.624621517714215813e+00 4.420087453801364319e+01 2.406096069087926715e-03 2.545881336300551467e+00
9.721350572089120234e+00 4.414459836756301314e+01 2.365992016750638558e-03 2.537768230742770914e+00
9.819051769622387127e+00 4.408821593691462226e+01 2.326549711362652616e-03 2.529688258982466298e+00
9.917734880515187257e+00 4.403183709193081086e+01 2.287751685315935271e-03 2.521648611141988017e+00
1.001740977316084269e+01 4.397546569531977667e+01 2.249587475386263281e-03 2.513649250002603086e+00
1.011808641513168716e+01 4.391909505847041828e+01 2.212047409360646047e-03 2.505689436046939722e+00
1.021977487417580832e+01 4.386271876413494653e+01 2.175121925793180311e-03 2.497768457036174894e+00
1.032248531922385482e+01 4.380632216051679251e+01 2.138802056740277818e-03 2.489885065927618601e+00
1.042622802140592420e+01 4.374985636906526310e+01 2.103080815383574689e-03 2.482035804328171391e+00
1.053101335507868797e+01 4.369330920220320280e+01 2.067949142334645721e-03 2.474219699077935708e+00
1.063685179886283194e+01 4.363667622458899586e+01 2.033397670077388697e-03 2.466436296431079978e+00
1.074375393669093448e+01 4.357995319107951815e+01 1.999417160957018842e-03 2.458685157680688516e+00
1.085173045886586429e+01 4.352313604155694549e+01 1.965998506638274787e-03 2.450965858291593857e+00
1.096079216312981863e+01 4.346622089597425287e+01 1.933132727471770056e-03 2.443277987073918300e+00
1.107094995574411200e+01 4.340920404961093482e+01 1.900810971775978653e-03 2.435621145395551856e+00
1.118221485257980063e+01 4.335208196852941143e+01 1.869024515041810795e-03 2.427994946431983880e+00
1.129459798021929018e+01 4.329485128522437520e+01 1.837764759066302630e-03 2.420399014452010888e+00
1.140811057706899767e+01 4.323750879445666584e+01 1.807023231021745403e-03 2.412832984137616155e+00
1.152276399448320277e+01 4.318005144926316063e+01 1.776791582465925539e-03 2.405296499936738552e+00
1.163856969789919305e+01 4.312247635713561777e+01 1.747061588298946073e-03 2.397789215447526878e+00
1.175553926798381355e+01 4.306478077636105439e+01 1.717825145671797622e-03 2.390310792832643472e+00
1.187368440179154661e+01 4.300694430214376496e+01 1.689075074383397830e-03 2.382859771501995461e+00
1.199301691393423042e+01 4.294893539402126947e+01 1.660804739527341591e-03 2.375434027300201034e+00
1.211354873776251928e+01 4.289075166926157578e+01 1.633006264374531379e-03 2.368033317419290018e+00
1.223529192655924192e+01 4.283239146415120047e+01 1.605671870627426194e-03 2.360657440918034755e+00
1.235825865474473240e+01 4.277385321846023913e+01 1.578793904897368185e-03 2.353306199156225631e+00
1.248246121909428119e+01 4.271513547365060504e+01 1.552364836959819246e-03 2.345979395517252986e+00
1.260791203996782350e+01 4.265623687116237051e+01 1.526377258012347367e-03 2.338676835146794364e+00
1.273462366255199107e+01 4.259715615077492856e+01 1.500823878937056904e-03 2.331398324707028902e+00
1.286260875811463755e+01 4.253789214903839877e+01 1.475697528569143088e-03 2.324143672145666528e+00
1.299188012527197067e+01 4.247844379777136226e+01 1.450991151973097300e-03 2.316912686479091654e+00
1.312245069126843333e+01 4.241881012262126660e+01 1.426697808727954387e-03 2.309705177589002734e+00
1.325433351326943487e+01 4.235899024168350024e+01 1.402810671222757925e-03 2.302520956032088062e+00
1.338754177966707815e+01 4.229898336417618054e+01 1.379323022963500466e-03 2.295359832862013061e+00
1.352208881139900853e+01 4.223878832469096523e+01 1.356228273972855808e-03 2.288221590645420189e+00
1.365798806328052351e+01 4.217835797063712278e+01 1.333521590026270952e-03 2.281103191505635230e+00
1.379525312535006520e+01 4.211769261756187888e+01 1.311196429482822936e-03 2.274004584827908459e+00
1.393389772422822226e+01 4.205689008559368602e+01 1.289243000087254452e-03 2.266931630260888397e+00
1.407393572449042196e+01 4.199596434728003658e+01 1.267654756890753418e-03 2.259884920099500594e+00
1.421538113005338921e+01 4.193491180686326913e+01 1.246425878943867348e-03 2.252863960200772286e+00
1.435824808557555166e+01 4.187372907778025422e+01 1.225550625311323284e-03 2.245868270351525364e+00
1.450255087787152064e+01 4.181241297617217612e+01 1.205023334757372375e-03 2.238897383515053185e+00
1.464830393734077418e+01 4.175096051466110225e+01 1.184838425373358189e-03 2.231950845116744020e+00
1.479552183941072308e+01 4.168936889638017362e+01 1.164990394152341704e-03 2.225028212366794378e+00
1.494421930599425252e+01 4.162763550924684353e+01 1.145473816515330760e-03 2.218129053618234092e+00
1.509441120696194361e+01 4.156575792046771056e+01 1.126283345793186895e-03 2.211252947758856280e+00
1.524611256162904560e+01 4.150373387126476388e+01 1.107413712668313486e-03 2.204399483635226531e+00
1.539933854025744786e+01 4.144156127181261695e+01 1.088859724579696554e-03 2.197568259507471922e+00
1.555410446557270099e+01 4.137920440137844480e+01 1.070617250701944500e-03 2.190756865727047753e+00
1.571042581429630758e+01 4.131652219269100357e+01 1.052685157288897654e-03 2.183956727689600807e+00
1.586831821869340864e+01 4.125350084945173990e+01 1.035058492830785888e-03 2.177167014283905022e+00
1.602779746813602557e+01 4.119014352304895255e+01 1.017731904409748716e-03 2.170387902797036084e+00
1.618887951068199271e+01 4.112645329023965246e+01 1.000700143035329658e-03 2.163619554292856240e+00
1.635158045466980781e+01 4.106243315834576890e+01 9.839580610489367940e-04 2.156862114279241904e+00
1.651591657032944838e+01 4.099808607017622109e+01 9.675006096214046163e-04 2.150115713347323432e+00
1.668190429140943820e+01 4.093341490868765220e+01 9.513228363390574668e-04 2.143380467784333110e+00
1.684956021682020122e+01 4.086842250139667954e+01 9.354198828741396238e-04 2.136656480161132965e+00
1.701890111229398883e+01 4.080311162455598151e+01 9.197869827354706023e-04 2.129943839895992674e+00
1.718994391206147654e+01 4.073748500710471632e+01 9.044194590956556451e-04 2.123242623795584372e+00
1.736270572054516848e+01 4.067154533440487540e+01 8.893127226912361316e-04 2.116552896574456444e+00
1.753720381406988338e+01 4.060529525177264532e+01 8.744622697923696555e-04 2.109874711354181365e+00
1.771345564259038952e+01 4.053873736781513060e+01 8.598636802390166893e-04 2.103208110142848586e+00
1.789147883143641948e+01 4.047185792714805075e+01 8.455129959918043087e-04 2.096552180920565167e+00
1.807129118307520699e+01 4.040464038093585231e+01 8.314063686212363200e-04 2.089905874733933633e+00
1.825291067889175878e+01 4.033708926294979591e+01 8.175395198360324491e-04 2.083269369452824815e+00
1.843635548098701804e+01 4.026920923171278588e+01 8.039082502653018512e-04 2.076642838389231471e+00
1.862164393399405071e+01 4.020098490979368933e+01 7.905088790269485487e-04 2.070025295196180171e+00
1.880879456691257090e+01 4.013239284020904307e+01 7.773379384522919114e-04 2.063415321080167342e+00
1.899782609496183028e+01 4.006343892721442757e+01 7.643913709502651952e-04 2.056813194911519371e+00
1.918875742145216279e+01 3.999412941882745542e+01 7.516651916025057735e-04 2.050219201471102259e+00
1.938160763967531963e+01 3.992447042135181334e+01 7.391554968337621942e-04 2.043633603939889021e+00
1.957639603481383972e+01 3.985446790665336181e+01 7.268584621525943368e-04 2.037056644828358465e+00
1.977314208586956212e+01 3.978412771906706524e+01 7.147703399829447805e-04 2.030488546866614730e+00
1.997186546761153991e+01 3.971345558195353931e+01 7.028874575817034521e-04 2.023929513857601670e+00
2.017258605254356141e+01 3.964245710392196287e+01 6.912062150379263579e-04 2.017379731494973960e+00
2.037532391289137834e+01 3.957113671943434952e+01 6.797231037831071325e-04 2.010839307698329304e+00
2.058009932260997488e+01 3.949940316260455830e+01 6.684364700867951280e-04 2.004302975867454872e+00
2.078693275941097340e+01 3.942721607955571983e+01 6.573436386761425830e-04 1.997768468710838574e+00
2.099584490681041515e+01 3.935457240506386256e+01 6.464412651251300610e-04 1.991235643279754886e+00
2.120685665619713234e+01 3.928146906621604728e+01 6.357260625846971680e-04 1.984704357002146313e+00
2.141998910892191432e+01 3.920790297933103119e+01 6.251948008160850261e-04 1.978174467642302981e+00
2.163526357840763481e+01 3.913387104687862461e+01 6.148443052383151166e-04 1.971645833264577430e+00
2.185270159228064202e+01 3.905937015439294413e+01 6.046714559897581982e-04 1.965118312200962336e+00
2.207232489452352198e+01 3.898439716737549787e+01 5.946731870038833969e-04 1.958591763021877652e+00
2.229415544764951918e+01 3.890894892818440098e+01 5.848464850990727588e-04 1.952066044510120557e+00
2.251821543489880639e+01 3.883302225290535148e+01 5.751883890825191560e-04 1.945541015637429094e+00
2.274452726245683465e+01 3.875661392820126139e+01 5.656959888681480217e-04 1.939016535543373720e+00
2.297311356169493379e+01 3.867972070813574703e+01 5.563664246084430026e-04 1.932492463516409797e+00
2.320399719143352968e+01 3.860233931096813365e+01 5.471968858401157895e-04 1.925968658976713543e+00
2.343720124022799567e+01 3.852445566284110612e+01 5.381847761890770241e-04 1.919444391039547781e+00
2.367274902867755415e+01 3.844599177693506675e+01 5.293284960984293974e-04 1.912915467648872214e+00
2.391066411175733819e+01 3.836696806545163696e+01 5.206249404093409158e-04 1.906383167692070835e+00
2.415097028117391176e+01 3.828741202454797588e+01 5.120709806989679922e-04 1.899849108135472253e+00
2.439369156774448300e+01 3.820733446376833342e+01 5.036638102061029515e-04 1.893313963750363094e+00
2.463885224379997041e+01 3.812674586174460245e+01 4.954006877865626277e-04 1.886778373675340736e+00
2.488647682561228436e+01 3.804565637979856518e+01 4.872789357053805342e-04 1.880242942984040155e+00
2.513659007584595884e+01 3.796407587484060997e+01 4.792959375325999186e-04 1.873708244183110549e+00
2.538921700603444620e+01 3.788201391160328768e+01 4.714491361367662264e-04 1.867174818643755563e+00
2.564438287908128800e+01 3.779947977424524908e+01 4.637360317704951633e-04 1.860643177970408457e+00
2.590211321178642834e+01 3.771648247736010973e+01 4.561541802429515966e-04 1.854113805309510976e+00
2.616243377739791143e+01 3.763303077642159877e+01 4.487011911743741003e-04 1.847587156601367075e+00
2.642537060818923678e+01 3.754913317769439374e+01 4.413747263280162520e-04 1.841063661778130189e+00
2.669094999806259949e+01 3.746479794763898497e+01 4.341724980153685576e-04 1.834543725910060319e+00
2.695919850517829630e+01 3.738003661410685652e+01 4.270922239057786392e-04 1.828027917195652829e+00
2.723014295461058865e+01 3.729487450244159419e+01 4.201315012077490980e-04 1.821517519277932484e+00
2.750381044103019690e+01 3.720931670239161804e+01 4.132882315288894217e-04 1.815012707641784795e+00
2.778022833141383430e+01 3.712336387527780346e+01 4.065604082342304747e-04 1.808513418680066875e+00
2.805942426778087295e+01 3.703701661513471066e+01 3.999460599966593154e-04 1.802019585438189297e+00
2.834142616995762509e+01 3.695027544861279267e+01 3.934432501052356149e-04 1.795531137829726065e+00
2.862626223836930706e+01 3.686314083477864045e+01 3.870500757914120487e-04 1.789048002843044438e+00
2.891396095686012302e+01 3.677561316481705944e+01 3.807646675724824978e-04 1.782570104739323202e+00
2.920455109554167450e+01 3.668768296136170193e+01 3.745852976923550663e-04 1.776096848035625175e+00
2.949806171366998697e+01 3.659930865293584645e+01 3.685106104786586801e-04 1.769625975432290499e+00
2.979452216255146269e+01 3.651048855759091794e+01 3.625388176375422843e-04 1.763157373709485221e+00
3.009396208847804388e+01 3.642122692820495899e+01 3.566680983608234816e-04 1.756691241016415272e+00
3.039641143569186355e+01 3.633152784785163902e+01 3.508966678422498274e-04 1.750227762286278743e+00
3.070190044937967500e+01 3.624139523374851279e+01 3.452227763600412055e-04 1.743767109847066843e+00
3.101045967869742626e+01 3.615082564359553885e+01 3.396447819244740110e-04 1.737309067887367497e+00
3.132211997982518881e+01 3.605976887380460028e+01 3.341615367239559437e-04 1.730851003173866642e+00
3.163691251905278534e+01 3.596821615997660615e+01 3.287714735866410949e-04 1.724392501828331259e+00
3.195486877589646468e+01 3.587617232354316599e+01 3.234729166456693579e-04 1.717933861116341276e+00
3.227602054624688321e+01 3.578364196481877713e+01 3.182642245621806055e-04 1.711475361834790210e+00
3.260039994554869480e+01 3.569062946816274007e+01 3.131437895855613152e-04 1.705017269046141593e+00
3.292803941201215423e+01 3.559713900681126120e+01 3.081100366502164474e-04 1.698559832781144641e+00
3.325897170985694373e+01 3.550317454739354872e+01 3.031614225070748789e-04 1.692103288711146680e+00
3.359322993258862056e+01 3.540873985414672376e+01 2.982964348880783804e-04 1.685647858791414988e+00
3.393084750630800528e+01 3.531383849284101473e+01 2.935135917019931952e-04 1.679193751876877583e+00
3.427185819305381642e+01 3.521847383442825219e+01 2.888114402600560965e-04 1.672741164311200679e+00
3.461629609417891373e+01 3.512264905842447149e+01 2.841885565299756924e-04 1.666290280490497322e+00
3.496419565376044147e+01 3.502636153912899886e+01 2.796435929088981315e-04 1.659840985575690375e+00
3.531559166204426958e+01 3.492959758408603221e+01 2.751753170230082212e-04 1.653392611026884840e+00
3.567051925892405251e+01 3.483236385044018135e+01 2.707823417042517101e-04 1.646945540598213187e+00
3.602901393745527514e+01 3.473466908886782534e+01 2.664632899710592489e-04 1.640500257593052957e+00
3.639111154740450615e+01 3.463651668265791983e+01 2.622168565473314466e-04 1.634056964298108650e+00
3.675684829883451243e+01 3.453790802208902733e+01 2.580417762217471211e-04 1.627615761034219233e+00
3.712626076572520617e+01 3.443884432532588846e+01 2.539368076658867694e-04 1.621176740382062498e+00
3.749938588963113517e+01 3.433932663940313290e+01 2.499007328912082279e-04 1.614739987533555521e+00
3.787626098337561587e+01 3.423935584102531493e+01 2.459323567233131906e-04 1.608305580627059639e+00
3.825692373478208452e+01 3.413893263718821203e+01 2.420305062927858111e-04 1.601873591066776070e+00
3.864141221044291541e+01 3.403805756562579887e+01 2.381940305418411136e-04 1.595444083827208814e+00
3.902976485952606822e+01 3.393673099508716717e+01 2.344217997461803694e-04 1.589017117742753449e+00
3.942202051762008352e+01 3.383495312544688005e+01 2.307127050513497102e-04 1.582592745783328203e+00
3.981821841061766065e+01 3.373272398765297453e+01 2.270656580230282461e-04 1.576171015316312873e+00
4.021839815863825152e+01 3.363004344351456609e+01 2.234795902106832301e-04 1.569751968355134419e+00
4.062259977999016058e+01 3.352691118533306280e+01 2.199534527240122497e-04 1.563335641795178033e+00
4.103086369517233578e+01 3.342331587463096554e+01 2.164862911881039031e-04 1.556921525618374380e+00
4.144323073091653242e+01 3.331925447650474581e+01 2.130771060038298660e-04 1.550509545026319769e+00
4.185974212426997099e+01 3.321474446424280558e+01 2.097247763513441056e-04 1.544100644152140989e+00
4.228043952671906425e+01 3.310978801994672693e+01 2.064283087126989958e-04 1.537694992485662215e+00
4.270536500835464011e+01 3.300438670115796924e+01 2.031867315316159927e-04 1.531292729443975542e+00
4.313456106207897989e+01 3.289854187098848115e+01 1.999990917751994402e-04 1.524893986269422186e+00
4.356807060785511965e+01 3.279225469909494706e+01 1.968644545058013669e-04 1.518498886366408618e+00
4.400593699699888361e+01 3.268552616247851006e+01 1.937819024666150220e-04 1.512107545622768390e+00
4.444820401651409014e+01 3.257835704611472494e+01 1.907505356804156085e-04 1.505720072716155045e+00
4.489491589347122869e+01 3.247074794341699544e+01 1.877694710609049749e-04 1.499336569405859354e+00
4.534611729943027569e+01 3.236269925653679280e+01 1.848378420361190323e-04 1.492957130810612654e+00
4.580185335490782705e+01 3.225421119650433610e+01 1.819547981833975910e-04 1.486581845672829028e+00
4.626216963388920789e+01 3.214528378321178792e+01 1.791195048754469683e-04 1.480210796609646717e+00
4.672711216838590076e+01 3.203591684524200645e+01 1.763311429370470755e-04 1.473844060351140461e+00
4.719672745303883232e+01 3.192610019171597813e+01 1.735889652825091628e-04 1.467481226350103363e+00
4.767106244976780971e+01 3.181581958121116926e+01 1.708922572044577269e-04 1.461121706359303385e+00
4.815016459246777458e+01 3.170511437587787995e+01 1.682400100899212778e-04 1.454767544294526704e+00
4.863408179175225854e+01 3.159400179766195649e+01 1.656313683840053618e-04 1.448419655392459982e+00
4.912286243974445199e+01 3.148248075682974090e+01 1.630655961363894910e-04 1.442078053038028163e+00
4.961655541491647625e+01 3.137054998996875810e+01 1.605419704673847776e-04 1.435742747283403897e+00
5.011521008697726387e+01 3.125820805857652118e+01 1.580597813117315387e-04 1.429413744968128341e+00
5.061887632180955876e+01 3.114545334753197992e+01 1.556183311689977422e-04 1.423091049830813359e+00
5.112760448645656197e+01 3.103228406344933532e+01 1.532169348603433176e-04 1.416774662612655833e+00
5.164144545415870624e+01 3.091869823291307284e+01 1.508549192914528190e-04 1.410464581152692132e+00
5.216045060944093592e+01 3.080469370059439171e+01 1.485316232214040132e-04 1.404160800475165560e+00
5.268467185325130231e+01 3.069026812724646192e+01 1.462463970372895427e-04 1.397863312868949492e+00
5.321416160815103780e+01 3.057541837135260110e+01 1.439986056328271995e-04 1.391572078016626746e+00
5.374897282355686912e+01 3.046011734721152919e+01 1.417877419973129465e-04 1.385285909534733184e+00
5.428915898103600313e+01 3.034434707700028966e+01 1.396132562580057479e-04 1.379004098886299934e+00
5.483477409965439620e+01 3.022810706001253322e+01 1.374745201388677190e-04 1.372726796363245905e+00
5.538587274137852745e+01 3.011140495688396257e+01 1.353708772561279831e-04 1.366454549409782393e+00
5.594251001653183408e+01 2.999432485603877296e+01 1.333013259156161400e-04 1.360191558771714382e+00
5.650474158930570923e+01 2.987689388796795242e+01 1.312651662676048386e-04 1.353939198715749859e+00
5.707262368332595770e+01 2.975911479602298826e+01 1.292618274599227190e-04 1.347697658329395143e+00
5.764621308727522120e+01 2.964099014283720379e+01 1.272907494803682661e-04 1.341467119074230441e+00
5.822556716057187742e+01 2.952252231171783947e+01 1.253513829057985665e-04 1.335247755071855114e+00
5.881074383910606684e+01 2.940371350793470739e+01 1.234431886589801926e-04 1.329039733378779786e+00
5.940180164103328053e+01 2.928456575990825073e+01 1.215656377728687972e-04 1.322843214250878585e+00
5.999879967262625513e+01 2.916508003746710642e+01 1.197182150015660922e-04 1.316658309170563923e+00
6.060179763418566523e+01 2.904525038601300224e+01 1.179004433546709888e-04 1.310484803672875564e+00
6.121085582601015318e+01 2.892507243364014968e+01 1.161118456846620421e-04 1.304322569735622439e+00
6.182603515442646369e+01 2.880454276793459556e+01 1.143519478364061538e-04 1.298171533289586232e+00
6.244739713788008117e+01 2.868365781113016766e+01 1.126202834921568490e-04 1.292031620055080543e+00
6.307500391308717269e+01 2.856241381731406292e+01 1.109163940437784889e-04 1.285902755513424145e+00
6.370891824124822733e+01 2.844080686954221804e+01 1.092398284673966433e-04 1.279784864873963368e+00
6.434920351432435837e+01 2.831884080451619923e+01 1.075901113511741088e-04 1.273678250075704899e+00
6.499592376137644578e+01 2.819661049832593847e+01 1.059664164715005914e-04 1.267587512743825640e+00
6.564914365496812820e+01 2.807414239603946626e+01 1.043682173445141320e-04 1.261513913442099621e+00
6.630892851763309181e+01 2.795143117250155385e+01 1.027951226659338011e-04 1.255457199766802256e+00
6.697534432840743079e+01 2.782846675438895190e+01 1.012467644574404643e-04 1.249416904844725007e+00
6.764845772942760505e+01 2.770522737201611108e+01 9.972282260412100151e-05 1.243392029150657940e+00
6.832833603259462052e+01 2.758170649700348420e+01 9.822292126226610861e-05 1.237382317113534524e+00
6.901504722630537003e+01 2.745789848542982270e+01 9.674668620844119641e-05 1.231387565525426719e+00
6.970865998225146143e+01 2.733379755270054545e+01 9.529374876461001772e-05 1.225407574677674472e+00
7.040924366228654208e+01 2.720939776945276378e+01 9.386374573565297696e-05 1.219442148199425979e+00
7.111686832536238967e+01 2.708469305737989430e+01 9.245631934709725233e-05 1.213491092894825041e+00
7.183160473453506256e+01 2.695967718497150756e+01 9.107111718308990125e-05 1.207554218578648086e+00
7.255352436404103855e+01 2.683434376316380465e+01 8.970779212465340041e-05 1.201631337910092245e+00
7.328269940644489111e+01 2.670868624089474253e+01 8.836600228824500645e-05 1.195722266224600538e+00
7.401920277985851726e+01 2.658269064267171089e+01 8.704543597126838180e-05 1.189826479547245741e+00
7.476310813523299714e+01 2.645632413237907343e+01 8.574584803786609920e-05 1.183942593854269365e+00
7.551448986372378158e+01 2.632966860205718618e+01 8.446660715390079193e-05 1.178074635707850648e+00
7.627342310412991822e+01 2.620278233758029529e+01 8.320718492413789707e-05 1.172225424632901358e+00
7.703998375040784197e+01 2.607566130486402756e+01 8.196727410559679142e-05 1.166394823823528659e+00
7.781424845926100886e+01 2.594830134180574888e+01 8.074657208979743941e-05 1.160582698810098456e+00
7.859629465780552948e+01 2.582069815584949524e+01 7.954478084138759777e-05 1.154788917378507751e+00
7.938620055131296738e+01 2.569284732150209649e+01 7.836160683741883370e-05 1.149013349488384739e+00
8.018404513103092768e+01 2.556474427779753000e+01 7.719676100728976127e-05 1.143255867189887143e+00
8.098990818208224596e+01 2.543638408658580019e+01 7.604995942657993412e-05 1.137516333272716951e+00
8.180387029144357314e+01 2.530774972332805817e+01 7.492095939303506226e-05 1.131794054749128975e+00
8.262601285600418066e+01 2.517883461804481371e+01 7.380948765618310526e-05 1.126088849148573878e+00
8.345641809070562545e+01 2.504963765532524889e+01 7.271525811678956344e-05 1.120400796743898475e+00
8.429516903676338302e+01 2.492015757375972385e+01 7.163798963185116330e-05 1.114729975504672899e+00
8.514234956997104575e+01 2.479039296577525420e+01 7.057740591863122595e-05 1.109076461188375884e+00
8.599804440908786773e+01 2.466034227742757423e+01 6.953323546096549027e-05 1.103440327428252710e+00
8.686233912431089266e+01 2.453000380815029402e+01 6.850521141778649842e-05 1.097821645817668390e+00
8.773532014583186367e+01 2.439942274689164847e+01 6.749293534452913471e-05 1.092222689906319211e+00
8.861707477248043574e+01 2.426872751481745638e+01 6.649578519015470911e-05 1.086649545381318749e+00
8.950769118045404582e+01 2.413788939345549167e+01 6.551360769977049075e-05 1.081100867403924859e+00
9.040725843213571977e+01 2.400689257104959751e+01 6.454621190260784842e-05 1.075575949393845487e+00
9.131586648500021397e+01 2.387572689973085360e+01 6.359339217115056063e-05 1.070074366636246443e+00
9.223360620061002635e+01 2.374438210737369914e+01 6.265494512040230995e-05 1.064595702627557650e+00
9.316056935370150427e+01 2.361284779195914396e+01 6.173066961561395451e-05 1.059139548751364179e+00
9.409684864136239923e+01 2.348111341579939548e+01 6.082036677878299475e-05 1.053705503953001443e+00
9.504253769230174953e+01 2.334916829961707663e+01 5.992383999398213571e-05 1.048293174412517015e+00
9.599773107621271606e+01 2.321700163016186735e+01 5.904089487494927895e-05 1.042902173862567894e+00
9.696252431322965037e+01 2.308460484935270784e+01 5.817133298138859920e-05 1.037532235419519777e+00
9.793701388348029013e+01 2.295197358142314670e+01 5.731494727535033068e-05 1.032183298589391063e+00
9.892129723673374997e+01 2.281910371364766732e+01 5.647153289599710015e-05 1.026855322608613674e+00
9.991547280214552984e+01 2.268599100626250831e+01 5.564088816087550910e-05 1.021548268057669961e+00
1.009196399981007346e+02 2.255263109105174024e+01 5.482281451778038978e-05 1.016262096845148344e+00
1.019338992421557180e+02 2.241902079936834014e+01 5.401711312875603205e-05 1.010996835238529235e+00
1.029583519610800977e+02 2.228528827242369559e+01 5.322326231543739910e-05 1.005758671275517990e+00
1.039931006009995258e+02 2.215147980288834617e+01 5.244096410332840037e-05 1.000549823343078071e+00
1.050382486376402369e+02 2.201756437837197566e+01 5.167011692293896688e-05 9.953688675988050516e-01
1.060939005866768809e+02 2.188353062055505660e+01 5.091056999485295823e-05 9.902153362690613303e-01
1.071601620141840954e+02 2.174937523631091807e+01 5.016215444263005644e-05 9.850891532875883927e-01
1.082371395471931379e+02 2.161509486123797785e+01 4.942470376100848730e-05 9.799902469342726130e-01
1.093249408843548309e+02 2.148068605922061991e+01 4.869805378560454441e-05 9.749185498404112638e-01
1.104236748067093572e+02 2.134614532200316361e+01 4.798204266281274488e-05 9.698739989972908759e-01
1.115334511885645981e+02 2.121146906877688920e+01 4.727651081990755173e-05 9.648565357682057364e-01
1.126543810084835400e+02 2.107664133713730337e+01 4.658132918581947915e-05 9.598655237680232544e-01
1.137865763603823126e+02 2.094164438451083043e+01 4.589637299180371213e-05 9.549002651991114199e-01
1.149301504647395831e+02 2.080647578149317667e+01 4.522148346824181981e-05 9.499608022450276579e-01
1.160852176799187561e+02 2.067113317046806387e+01 4.455650394434769614e-05 9.450471869812993031e-01
1.172518935136039318e+02 2.053561412286342502e+01 4.390128014226721802e-05 9.401594746584150952e-01
1.184302946343507159e+02 2.039991613971995221e+01 4.325566013775003797e-05 9.352977238060334875e-01
1.196205388832531611e+02 2.026406866408149199e+01 4.261942428514137621e-05 9.304635253646477144e-01
1.208227452857280610e+02 2.012816529084100381e+01 4.199222155808515869e-05 9.256614793064837921e-01
1.220370340634174937e+02 1.999219136486802739e+01 4.137394516189318036e-05 9.208909782774454822e-01
1.232635266462111048e+02 1.985614343645559288e+01 4.076446481746451848e-05 9.161519665774271459e-01
1.245023456843892973e+02 1.972001822363255386e+01 4.016365150571403719e-05 9.114444052293040333e-01
1.257536150608882224e+02 1.958381240706486892e+01 3.957137789873290665e-05 9.067682622029699102e-01
1.270174599036882910e+02 1.944752263048551910e+01 3.898751833948769656e-05 9.021235125037131430e-01
1.282940065983269449e+02 1.931114475823162024e+01 3.841195035978011823e-05 8.975101023270486422e-01
1.295833828005374357e+02 1.917465724147242412e+01 3.784458848250560380e-05 8.929271493716635089e-01
1.308857174490145496e+02 1.903805094875959725e+01 3.728532154300334342e-05 8.883743948470792517e-01
1.322011407783083143e+02 1.890132360435093872e+01 3.673402568087583982e-05 8.838519215333222601e-01
1.335297843318479352e+02 1.876447290397238277e+01 3.619057879055446260e-05 8.793598189657335640e-01
1.348717809750958736e+02 1.862749651624283231e+01 3.565486049394300805e-05 8.748981836379702282e-01
1.362272649088348828e+02 1.849039208416675351e+01 3.512675211330260923e-05 8.704671192167938720e-01
1.375963716825878578e+02 1.835313802278189854e+01 3.460617412794245271e-05 8.660657986918082196e-01
1.389792382081731432e+02 1.821570471727155294e+01 3.409306182981722001e-05 8.616930326721862210e-01
1.403760027733956406e+02 1.807817660327782860e+01 3.358713069759384264e-05 8.573532404170167709e-01
1.417868050558759023e+02 1.794059510648571276e+01 3.308818927316091826e-05 8.530486634864472562e-01
1.432117861370177536e+02 1.780296492075621018e+01 3.259612074257043984e-05 8.487797324879936545e-01
1.446510885161169142e+02 1.766529083226919639e+01 3.211081013562856718e-05 8.445468886149000154e-01
1.461048561246106487e+02 1.752758906563748909e+01 3.163212312070086125e-05 8.403511465844523132e-01
1.475732343404712879e+02 1.738987521202400544e+01 3.115992979337093563e-05 8.361934843692523378e-01
1.490563700027440746e+02 1.725214745974769315e+01 3.069413494971735666e-05 8.320740193922586680e-01
1.505544114262311837e+02 1.711440381617207862e+01 3.023464491243377112e-05 8.279928718221890582e-01
1.520675084163233635e+02 1.697664231928364842e+01 2.978136712024315622e-05 8.239501753786572236e-01
1.535958122839805071e+02 1.683886103923811817e+01 2.933421011539107662e-05 8.199460776868927603e-01
1.551394758608630013e+02 1.670105727555553088e+01 2.889308496462042502e-05 8.159807001695753570e-01
1.566986535146149038e+02 1.656323026766804318e+01 2.845790036019902683e-05 8.120542757741813222e-01
1.582735011643009102e+02 1.642538012286905769e+01 2.802856471110344054e-05 8.081670938234933876e-01
1.598641762959983339e+02 1.628750701623756569e+01 2.760498760099325274e-05 8.043194597515574973e-01
1.614708379785459726e+02 1.614961119430120107e+01 2.718707976943920851e-05 8.005116957334720285e-01
1.630936468794509722e+02 1.601172899413872841e+01 2.677469087743719722e-05 7.967459927301561162e-01
1.647327652809557037e+02 1.587390096766443470e+01 2.636766832797663996e-05 7.930247405083018508e-01
1.663883570962663327e+02 1.573612798945016067e+01 2.596593128061912162e-05 7.893482866704192302e-01
1.680605878859440168e+02 1.559841081972367505e+01 2.556940020636510301e-05 7.857169890260611300e-01
1.697496248744612330e+02 1.546075032031713015e+01 2.517799650326529059e-05 7.821312273481956234e-01
1.714556369669243736e+02 1.532314775364258352e+01 2.479164198935946353e-05 7.785914197601373488e-01
1.731787947659643976e+02 1.518560359775623958e+01 2.441026090826846196e-05 7.750979604216061691e-01
1.749192705887971329e+02 1.504811326102508140e+01 2.403378684609461623e-05 7.716509953445571668e-01
1.766772384844553301e+02 1.491067150693697840e+01 2.366215502093737251e-05 7.682506580414286690e-01
1.784528742511934638e+02 1.477327313371255890e+01 2.329530112694716201e-05 7.648971061196631060e-01
1.802463554540679525e+02 1.463591599195887127e+01 2.293315643500237817e-05 7.615906847064306540e-01
1.820578614426936497e+02 1.449861532887487670e+01 2.257562516605241644e-05 7.583326966017043258e-01
1.838875733691789662e+02 1.436137481374364278e+01 2.222263220366318411e-05 7.551238357288614367e-01
1.857356742062414128e+02 1.422419449171578876e+01 2.187410931575667014e-05 7.519646240959764194e-01
1.876023487655047290e+02 1.408707542422881076e+01 2.152998754331540959e-05 7.488556655190018452e-01
1.894877837159803846e+02 1.395007406561067320e+01 2.119011210525181439e-05 7.458006446313653059e-01
1.913921676027346166e+02 1.381323652344655173e+01 2.085435022452287559e-05 7.428026703828481958e-01
1.933156908657431359e+02 1.367655775725336831e+01 2.052265208318958034e-05 7.398620419842573126e-01
1.952585458589352072e+02 1.354003158653945960e+01 2.019496989143901286e-05 7.369790286145836422e-01
1.972209268694291495e+02 1.340365187919951850e+01 1.987125599778452462e-05 7.341539365994776967e-01
1.992030301369613596e+02 1.326741456637399175e+01 1.955145982348903825e-05 7.313872256264482008e-01
2.012050538735103373e+02 1.313132268711338746e+01 1.923552046678475677e-05 7.286797978042216517e-01
2.032271982831181276e+02 1.299538097468084707e+01 1.892337542366094092e-05 7.260326905166992750e-01
2.052696655819107434e+02 1.285959435432512876e+01 1.861496293641506889e-05 7.234469929088166440e-01
2.073326600183202117e+02 1.272397196218008553e+01 1.831021599580780361e-05 7.209240843792666942e-01
2.094163878935092953e+02 1.258853149512338021e+01 1.800905642955566918e-05 7.184658885693772090e-01
2.115210575820019585e+02 1.245327445281401069e+01 1.771143167112911298e-05 7.160734221522999654e-01
2.136468795525209998e+02 1.231820127071772575e+01 1.741729139046065250e-05 7.137476896135488413e-01
2.157940663890348958e+02 1.218331285443524159e+01 1.712658519115391501e-05 7.114897769123454951e-01
2.179628328120166998e+02 1.204863013741950617e+01 1.683923441667329037e-05 7.093020435263920342e-01
2.201533956999160182e+02 1.191416876934857250e+01 1.655517032634788114e-05 7.071865803389221217e-01
2.223659741108471053e+02 1.177992614582629116e+01 1.627435168091371015e-05 7.051444269911121276e-01
2.246007893044948389e+02 1.164590020078112786e+01 1.599673680314078817e-05 7.031767222375726600e-01
2.268580647642410213e+02 1.151209491956882758e+01 1.572227585866700086e-05 7.012850540880649630e-01
2.291380262195125965e+02 1.137851280349232574e+01 1.545092192726361548e-05 6.994709905891565160e-01
2.314409016683551386e+02 1.124515504623253825e+01 1.518263057191975767e-05 6.977360964301780877e-01
2.337669214002325475e+02 1.111202382321658177e+01 1.491735656592082517e-05 6.960820836268210021e-01
2.361163180190564219e+02 1.097912638476539371e+01 1.465504835406232907e-05 6.945110836099145368e-01
2.384893264664464425e+02 1.084646443821515227e+01 1.439566298313388558e-05 6.930249596468115447e-01
2.408861840452248657e+02 1.071403813409783901e+01 1.413916018357097661e-05 6.916255725784762332e-01
2.433071304431469741e+02 1.058184095826613813e+01 1.388550925902135465e-05 6.903144357900076189e-01
2.457524077568700420e+02 1.044984523344998273e+01 1.363470784867025269e-05 6.890917356600544386e-01
2.482222605161631463e+02 1.031805430334198981e+01 1.338671046703283274e-05 6.879598895690072213e-01
2.507169357083604098e+02 1.018648542251048283e+01 1.314145399071100332e-05 6.869224021667844626e-01
2.532366828030600061e+02 1.005516637586394779e+01 1.289886284224230221e-05 6.859836812108958126e-01
2.557817537770711738e+02 9.924118182985274927e+00 1.265887305736929031e-05 6.851478114274824893e-01
2.583524031396121927e+02 9.793339579451153298e+00 1.242145158909661262e-05 6.844174579087680677e-01
2.609488879577615990e+02 9.662829441524802832e+00 1.218656550339324123e-05 6.837954601942467514e-01
2.635714678821648818e+02 9.532586664756410144e+00 1.195418214451536646e-05 6.832848347670373856e-01
2.662204051730000174e+02 9.402609828415020132e+00 1.172426955999368054e-05 6.828887623821288111e-01
2.688959647262035446e+02 9.272897574349203254e+00 1.149679598363165631e-05 6.826106294853769851e-01
2.715984140999603937e+02 9.143451398760552351e+00 1.127172625616470509e-05 6.824542595447098403e-01
2.743280235414600270e+02 9.014272155038055345e+00 1.104902652035984254e-05 6.824236607761664519e-01
2.770850660139212209e+02 8.885359778553796772e+00 1.082866447088099415e-05 6.825230224274954072e-01
2.798698172238887878e+02 8.756717708347549589e+00 1.061060369985135670e-05 6.827570899447812369e-01
2.826825556488043958e+02 8.628349352148669382e+00 1.039480846572454318e-05 6.831309024872745939e-01
2.855235625648544442e+02 8.500253245564646676e+00 1.018124960935749353e-05 6.836494182715315837e-01
2.883931220750980629e+02 8.372428409017576456e+00 9.969897559956218219e-06 6.843179752833826734e-01
2.912915211378776803e+02 8.244874252986784668e+00 9.760722490368238727e-06 6.851423120493717045e-01
2.942190495955147185e+02 8.117589557411932333e+00 9.553695572187453615e-06 6.861285111988250085e-01
2.971760002032946772e+02 7.990571084947274194e+00 9.348790625320579467e-06 6.872829047671403790e-01
3.001626686587424615e+02 7.863813886177158707e+00 9.145983521870141718e-06 6.886121334977900466e-01
3.031793536311925550e+02 7.737315502367712483e+00 8.945247003218368336e-06 6.901235673733040477e-01
3.062263567916560874e+02 7.611077867282454612e+00 8.746548521243267189e-06 6.918255489907630951e-01
3.093039828429882618e+02 7.485103529500566566e+00 8.549855163300270811e-06 6.937270975659719507e-01
3.124125395503588152e+02 7.359394528729588991e+00 8.355134904432748538e-06 6.958378690080693207e-01
3.155523377720291478e+02 7.233949166603562908e+00 8.162360441814540710e-06 6.981678857670919891e-01
3.187236914904377727e+02 7.108764700268525694e+00 7.971505622653636794e-06 7.007278696722506472e-01
3.219269178435994831e+02 6.983838698601567252e+00 7.782543760284728378e-06 7.035294576094067720e-01
3.251623371568187508e+02 6.859168940860524089e+00 7.595447726153040919e-06 7.065852855504305419e-01
3.284302729747233229e+02 6.734752753380169210e+00 7.410190678467304763e-06 7.099090216294962064e-01
3.317310520936181888e+02 6.610586448048731079e+00 7.226746613596703568e-06 7.135154169839589278e-01
3.350650045941658277e+02 6.486666245219387505e+00 7.045089130421920515e-06 7.174205415250047846e-01
3.384324638743946707e+02 6.362988658435758893e+00 6.865190904592029414e-06 7.216419830921005918e-01
3.418337666830389594e+02 6.239550220662192004e+00 6.687023913323564382e-06 7.261989954492312771e-01
3.452692531532139242e+02 6.116346185565692650e+00 6.510560799781120834e-06 7.311125374996668702e-01
3.487392668364295218e+02 5.993369200629516058e+00 6.335776110648160117e-06 7.364053224708145828e-01
3.500000000600077783e+02 5.949046086797081578e+00 6.273110305539823126e-06 7.384131601293510982e-01
