# # r T rho v
1.000000000171451076e+00 5.567503990762690336e+01 2.677662628746658169e-01 9.635541265740508621e+00
9.990000001712797673e-01 5.564195550453754180e+01 2.682168614294818676e-01 9.638621367898222658e+00
1.001000000171622384e+00 5.572351800347200879e+01 2.674284498634981744e-01 9.628446266567674883e+00
1.011060217424599506e+00 5.610769790105847932e+01 2.633876153662105257e-01 9.582582745669519397e+00
1.021221541541871947e+00 5.649131111039208974e+01 2.594588884162392639e-01 9.535061216834479936e+00
1.031484988664319369e+00 5.686350624372069973e+01 2.555633145173273335e-01 9.488720125148782714e+00
1.041851585145207260e+00 5.722560862124186087e+01 2.517096807789202528e-01 9.443225066290770187e+00
1.052322367652821500e+00 5.757796899569462568e+01 2.478996480237125044e-01 9.398498138028140048e+00
1.062898383274139880e+00 5.792076520846701726e+01 2.441336092264384250e-01 9.354507090735323160e+00
1.073580689619537010e+00 5.825367797942144676e+01 2.404078353285988567e-01 9.311378325271666867e+00
1.084370354928549940e+00 5.857518022478749486e+01 2.367081058667867832e-01 9.269654998709631499e+00
1.095268458176700488e+00 5.888602745401443173e+01 2.330391877061118167e-01 9.229153164666781706e+00
1.106276089183395372e+00 5.918694671262087326e+01 2.294059349492846012e-01 9.189677536115960166e+00
1.117394348720908592e+00 5.947841564505566225e+01 2.258112868925359340e-01 9.151101792004309843e+00
1.128624348624458928e+00 5.976076847975837580e+01 2.222570708978613419e-01 9.113339636026205781e+00
1.139967211903394784e+00 6.003425220048024613e+01 2.187444311914155948e-01 9.076329362658016819e+00
1.151424072853497238e+00 6.029905832304042690e+01 2.152740731487087222e-01 9.040025073572367731e+00
1.162996077170408205e+00 6.055534214245001579e+01 2.118464129654059891e-01 9.004391278673127275e+00
1.174684382064202781e+00 6.080323352589633856e+01 2.084616592480103836e-01 8.969400028139146386e+00
1.186490156375110905e+00 6.104264301284551664e+01 2.051176942508992351e-01 8.935123677921129826e+00
1.198414580690401188e+00 6.127355400907472927e+01 2.018130702687822020e-01 8.901609017838369553e+00
1.210458847462443144e+00 6.149615635381704237e+01 1.985485738246373644e-01 8.868805754855543455e+00
1.222624161127950249e+00 6.171061030485065402e+01 1.953247403229710910e-01 8.836672703134647477e+00
1.234911738228426703e+00 6.191705419450382664e+01 1.921419153742121022e-01 8.805175570373370064e+00
1.247322807531823008e+00 6.211560991789522745e+01 1.890002990866004873e-01 8.774285360547128931e+00
1.259858610155411451e+00 6.230638693857802934e+01 1.858999786214780292e-01 8.743977200641305458e+00
1.272520399689901049e+00 6.248948525902260087e+01 1.828409524961319699e-01 8.714229465056508417e+00
1.285309442324796825e+00 6.266499765491469987e+01 1.798231489790413917e-01 8.685023112838964110e+00
1.298227016975019854e+00 6.283301137716151885e+01 1.768464401878338255e-01 8.656341179568388000e+00
1.311274415408800076e+00 6.299360946321661459e+01 1.739106530159605923e-01 8.628168383293084887e+00
1.324452942376853182e+00 6.314687176084404996e+01 1.710155777379308017e-01 8.600490813197829709e+00
1.337763915742858467e+00 6.329287586827321377e+01 1.681609770336315035e-01 8.573295569710893460e+00
1.351208666615245413e+00 6.343169752924244165e+01 1.653465877305146381e-01 8.546570749814074830e+00
1.364788539480304541e+00 6.356341113579404833e+01 1.625721248569956534e-01 8.520305309058565868e+00
1.378504892336638976e+00 6.368808936568878210e+01 1.598372703442951792e-01 8.494489726762097348e+00
1.392359096830965592e+00 6.380579348840829113e+01 1.571414765034327699e-01 8.469126709251099783e+00
1.406352538395278406e+00 6.391659665710647431e+01 1.544843927421469532e-01 8.444208736555280481e+00
1.420486616385394418e+00 6.402057603562971622e+01 1.518657402416434543e-01 8.419724268722410088e+00
1.434762744220892561e+00 6.411780810471120162e+01 1.492852238876099247e-01 8.395662410645819307e+00
1.449182349526451974e+00 6.420836893616908014e+01 1.467425348264402019e-01 8.372012819034972964e+00
1.463746874274620025e+00 6.429233441737171972e+01 1.442373526069394563e-01 8.348765624439145938e+00
1.478457774930008517e+00 6.436978043497462920e+01 1.417693469834922226e-01 8.325911365588744673e+00
1.493316522594942519e+00 6.444078302507477929e+01 1.393381794412709429e-01 8.303440933874838947e+00
1.508324603156570465e+00 6.450541849549135520e+01 1.369435044920799815e-01 8.281345526219899611e+00
1.523483517435455514e+00 6.456376354017876906e+01 1.345849713437121120e-01 8.259616570338117469e+00
1.538794781335657946e+00 6.461589533063326485e+01 1.322622255829842275e-01 8.238245642022544502e+00
1.554259925996327008e+00 6.466189148759481498e+01 1.299749066583852641e-01 8.217224640247517087e+00
1.569880497944816655e+00 6.470183019245729383e+01 1.277226505047794891e-01 8.196545647984216032e+00
1.585658059251339180e+00 6.473579022797663640e+01 1.255050902949281788e-01 8.176200901828568846e+00
1.601594187685172921e+00 6.476385100441552822e+01 1.233218569679918192e-01 8.156182773336515979e+00
1.617690476872441607e+00 6.478609257680977862e+01 1.211725796914997627e-01 8.136483752896245036e+00
1.633948536455476663e+00 6.480259565453172854e+01 1.190568862667580052e-01 8.117096435778293539e+00
1.650369992253786222e+00 6.481344160414241173e+01 1.169744034860603354e-01 8.098013510060933839e+00
1.666956486426634187e+00 6.481871244637159180e+01 1.149247574487043538e-01 8.079227746177732428e+00
1.683709677637259317e+00 6.481849084794338012e+01 1.129075738417251729e-01 8.060731987872328475e+00
1.700631241218744538e+00 6.481286010886149995e+01 1.109224781903295626e-01 8.042519144379145501e+00
1.717722869341548941e+00 6.480190414568491519e+01 1.089690960822506383e-01 8.024582183675809333e+00
1.734986271182728190e+00 6.478570746855552898e+01 1.070470537941601297e-01 8.006914094919869385e+00
1.752423173096852471e+00 6.476435514377803315e+01 1.051559793897810374e-01 7.989507811392057235e+00
1.770035318788643730e+00 6.473793278568436449e+01 1.032954997768731342e-01 7.972356438013195046e+00
1.787824469487348411e+00 6.470652652941771521e+01 1.014652423862370811e-01 7.955453138359318110e+00
1.805792404122860351e+00 6.467022299882431469e+01 9.966483557326927256e-02 7.938791112152784990e+00
1.823940919503616698e+00 6.462910927340281830e+01 9.789390874279341181e-02 7.922363592838438606e+00
1.842271830496278850e+00 6.458327285354592107e+01 9.615209246442363300e-02 7.906163845611542840e+00
1.860786970207223057e+00 6.453280162427299160e+01 9.443901857962441748e-02 7.890185165852275695e+00
1.879488190165848449e+00 6.447778381763315281e+01 9.275432030147681695e-02 7.874420877926343820e+00
1.898377360509735823e+00 6.441830797394607089e+01 9.109763230800661804e-02 7.858864334317574141e+00
1.917456370171660485e+00 6.435446290203023523e+01 8.946859082981729883e-02 7.843508915061896403e+00
1.936727127068488263e+00 6.428633763855933125e+01 8.786683373266312991e-02 7.828348027456046410e+00
1.956191558291967336e+00 6.421402140667534297e+01 8.629200059551087043e-02 7.813375106017398153e+00
1.975851610301440742e+00 6.413760355273274172e+01 8.474373332174844897e-02 7.798583563239059657e+00
1.995709249118493123e+00 6.405717348569893943e+01 8.322167643753754229e-02 7.783966764620263490e+00
2.015766460523553238e+00 6.397282072550056853e+01 8.172547489579418123e-02 7.769518238388307019e+00
2.036025250254477115e+00 6.388463481105658559e+01 8.025477560762070417e-02 7.755231545824770478e+00
2.056487644207119381e+00 6.379270525488941956e+01 7.880922755159866511e-02 7.741100277795105455e+00
2.077155688637928321e+00 6.369712149942112944e+01 7.738848183139861170e-02 7.727118055890861648e+00
2.098031450368569306e+00 6.359797350735972543e+01 7.599218008050849515e-02 7.713279716264199948e+00
2.119117016992612790e+00 6.349535377420575344e+01 7.461992216733853711e-02 7.699584746891762421e+00
2.140414497084292211e+00 6.338935221888633009e+01 7.327136143228794862e-02 7.686027684977790209e+00
2.161926020409365101e+00 6.328005798859089737e+01 7.194616314675945923e-02 7.672602124775032451e+00
2.183653738138090272e+00 6.316755991954379823e+01 7.064399474178843785e-02 7.659301700386526690e+00
2.205599823060346409e+00 6.305194649568364440e+01 6.936452586182766111e-02 7.646120087451656389e+00
2.227766469802914262e+00 6.293330580567251786e+01 6.810742844530551232e-02 7.633051001719685758e+00
2.250155895048940646e+00 6.281172541490463601e+01 6.687237797780680448e-02 7.620088063565527925e+00
2.272770337759608239e+00 6.268729243637298509e+01 6.565905178410194609e-02 7.607224991663550817e+00
2.295612059398033367e+00 6.256009353554144070e+01 6.446712861525863425e-02 7.594455663825296021e+00
2.318683344155414439e+00 6.243021482549806223e+01 6.329628969483223899e-02 7.581774008653241914e+00
2.341986499179454118e+00 6.229774182811988226e+01 6.214621876023983249e-02 7.569174007856539710e+00
2.365523854805073434e+00 6.216275943583649877e+01 6.101660210252096705e-02 7.556649698642385893e+00
2.389297764787449818e+00 6.202535187403044148e+01 5.990712860450381899e-02 7.544195176178571494e+00
2.413310606537393266e+00 6.188560266410997457e+01 5.881748977739125611e-02 7.531804596122875672e+00
2.437564781359088606e+00 6.174359458728826411e+01 5.774737979578184466e-02 7.519472177214661990e+00
2.462062714690230969e+00 6.159940964909995387e+01 5.669649553113807056e-02 7.507192203924047291e+00
2.486806856344568217e+00 6.145312904468573123e+01 5.566453658371051105e-02 7.494959029154420804e+00
2.511799680756885866e+00 6.130483312487287861e+01 5.465120531292891326e-02 7.482767076993487088e+00
2.537043687230452704e+00 6.115460133680070243e+01 5.365620712778200463e-02 7.470610809097520288e+00
2.562541400186952867e+00 6.100251211865340650e+01 5.267925116250265355e-02 7.458484632657209623e+00
2.588295369418929681e+00 6.084864307089256386e+01 5.172004826140982892e-02 7.446383186133675558e+00
2.614308170344768811e+00 6.069307595786835208e+01 5.077826448881778143e-02 7.434308165484632802e+00
2.640582404266238470e+00 6.053590345454338717e+01 4.985346989989192928e-02 7.422276546846245715e+00
2.667120698628628439e+00 6.037720104702065527e+01 4.894539816687165645e-02 7.410282550133507229e+00
2.693925707283490123e+00 6.021704245034862168e+01 4.805379094484886482e-02 7.398319612490007913e+00
2.721000110754023815e+00 6.005550025666131120e+01 4.717839155846161037e-02 7.386381311628860580e+00
2.748346616503141604e+00 5.989264591517049752e+01 4.631894509147689576e-02 7.374461366644125881e+00
2.775967959204205915e+00 5.972854971262432855e+01 4.547519847074451421e-02 7.362553638985255056e+00
2.803866901014505419e+00 5.956328075427911983e+01 4.464690054481947751e-02 7.350652133576184077e+00
2.832046231851469642e+00 5.939690694543137539e+01 4.383380215752644138e-02 7.338751000062001317e+00
2.860508769671665785e+00 5.922949497649100437e+01 4.303565619391391817e-02 7.326844538049549271e+00
2.889257360752594650e+00 5.906111114886449087e+01 4.225221133589107669e-02 7.314928291059147547e+00
2.918294879977320733e+00 5.889182086051305731e+01 4.148321679244044990e-02 7.302998318354331886e+00
2.947624231121964922e+00 5.872168762869250003e+01 4.072842938927717649e-02 7.291049965017914580e+00
2.977248347146082441e+00 5.855077369782861751e+01 3.998760858256172890e-02 7.279078703510107218e+00
3.007170190485964234e+00 5.837914002507463351e+01 3.926051648458343118e-02 7.267080135698037680e+00
3.037392753350877328e+00 5.820684626682290030e+01 3.854691788707476086e-02 7.255049994874774200e+00
3.067919058022295253e+00 5.803395191533950737e+01 3.784657251723483329e-02 7.242985633807176526e+00
3.098752157156122955e+00 5.786054591569351402e+01 3.715904285619176656e-02 7.230923552325519310e+00
3.129895134087967712e+00 5.768669631016529564e+01 3.648404627318398846e-02 7.218872999997650197e+00
3.161351103141476493e+00 5.751245798902306916e+01 3.582138376562551269e-02 7.206827900703576262e+00
3.193123209939767282e+00 5.733788448314364672e+01 3.517085754513035734e-02 7.194782381758239254e+00
3.225214631719997005e+00 5.716302796216513116e+01 3.453227113261719827e-02 7.182730772559939858e+00
3.257628577651086488e+00 5.698793920528196821e+01 3.390542961399357208e-02 7.170667568054787111e+00
3.290368289154641079e+00 5.681266747545758733e+01 3.329014042270335427e-02 7.158587274159075697e+00
3.323437040229093142e+00 5.663726078865710889e+01 3.268621174714304856e-02 7.146484756037933650e+00
3.356838137777109043e+00 5.646176583097825130e+01 3.209345317611533160e-02 7.134355123643373098e+00
3.390574921936275743e+00 5.628622792389473517e+01 3.151167598492288918e-02 7.122193685236342553e+00
3.424650766413125602e+00 5.611069102515551066e+01 3.094069319673955348e-02 7.109995946670387035e+00
3.459069078820501630e+00 5.593519773028540953e+01 3.038031963926712820e-02 7.097757610711309617e+00
3.493833301018327564e+00 5.575978927471824420e+01 2.983037199693020988e-02 7.085474576373683497e+00
3.528946909457792103e+00 5.558450553659495341e+01 2.929066885883726407e-02 7.073142938258190959e+00
3.564413415529001483e+00 5.540939088716296368e+01 2.876100075329765873e-02 7.060766353118695271e+00
3.600236365912118153e+00 5.523452998166317940e+01 2.824095741544233040e-02 7.048399771584330509e+00
3.636419342932033061e+00 5.505997178202525788e+01 2.773032743242829362e-02 7.036052269645458601e+00
3.672965964916600434e+00 5.488575153240805093e+01 2.722896562475171992e-02 7.023717271968568099e+00
3.709879886558475004e+00 5.471190298301324617e+01 2.673672799936732680e-02 7.011388267882991521e+00
3.747164799280581882e+00 5.453845845621068378e+01 2.625347148565132863e-02 6.999058890502658059e+00
3.784824431605264827e+00 5.436544924408901380e+01 2.577905225643776013e-02 6.986723386711042316e+00
3.822862549527139553e+00 5.419290536103443401e+01 2.531332715832957519e-02 6.974376276440147571e+00
3.861282956889696028e+00 5.402085555083920809e+01 2.485615383352125091e-02 6.962012341679877814e+00
3.900089495765688419e+00 5.384932729943628971e+01 2.440739080769535954e-02 6.949626622698501954e+00
3.939286046841342426e+00 5.367834684771925424e+01 2.396689757181557495e-02 6.937214414360616033e+00
3.978876529804429296e+00 5.350793920450610131e+01 2.353453465813707887e-02 6.924771262519548998e+00
4.018864903736238503e+00 5.333812815970102861e+01 2.311016371073421061e-02 6.912292960463308766e+00
4.059255167507486384e+00 5.316893629770147811e+01 2.269364755082865087e-02 6.899775545394610354e+00
4.100051360178209592e+00 5.300038501109374778e+01 2.228485023718525249e-02 6.887215294926980036e+00
4.141257561401671339e+00 5.283253709664484887e+01 2.188347249469426922e-02 6.874660440561076058e+00
4.182877891832331940e+00 5.266545963666295194e+01 2.148921876172925696e-02 6.862162098217367223e+00
4.224916513537919194e+00 5.249917108011790390e+01 2.110198968427919389e-02 6.849711874685342039e+00
4.267377630415636780e+00 5.233368874037797269e+01 2.072168520226968721e-02 6.837301778149711851e+00
4.310265488612555096e+00 5.216902901410480098e+01 2.034820406824340219e-02 6.824924422271009483e+00
4.353584376950234258e+00 5.200520720467203262e+01 1.998144477437736877e-02 6.812572768405867230e+00
4.397338627353608587e+00 5.184223754495415903e+01 1.962130567576031090e-02 6.800240118088931141e+00
4.441532615284177865e+00 5.168013321922318681e+01 1.926768510607985291e-02 6.787920105756728439e+00
4.486170760177566663e+00 5.151890638428326952e+01 1.892048148609210001e-02 6.775606691682066973e+00
4.531257525885459714e+00 5.135856818996160200e+01 1.857959342522857646e-02 6.763294155089545789e+00
4.576797421122002163e+00 5.119912879906254233e+01 1.824491981667559354e-02 6.750977087425401812e+00
4.622794999914667358e+00 5.104059740688486357e+01 1.791635992624386955e-02 6.738650385757456895e+00
4.669254862059667666e+00 5.088298226038970284e+01 1.759381347533120823e-02 6.726309246282431431e+00
4.716181653581931421e+00 5.072629067710015249e+01 1.727718071826415264e-02 6.713949157920747979e+00
4.763580067199717050e+00 5.057053552128139984e+01 1.696634329534889296e-02 6.701573487304441912e+00
4.811454842793887465e+00 5.041580288400226095e+01 1.666097263750025009e-02 6.689271046418124200e+00
4.859810767881895366e+00 5.026212342128259536e+01 1.636092457207918849e-02 6.677062059864743659e+00
4.908652678096546929e+00 5.010950138941160503e+01 1.606613241502620471e-02 6.664936615349637883e+00
4.957985457669566998e+00 4.995794017066333481e+01 1.577652838054525650e-02 6.652885252895572421e+00
5.007814039920021720e+00 4.980744230636413761e+01 1.549204372900740007e-02 6.640898953165016216e+00
5.058143407747660802e+00 4.965800952766253573e+01 1.521260890658252679e-02 6.628969126183845262e+00
5.108978594131207807e+00 4.950964278425150411e+01 1.493815367695953966e-02 6.617087600424837568e+00
5.160324682631664217e+00 4.936234227127222596e+01 1.466860724550184125e-02 6.605246612212071433e+00
5.212186807900669905e+00 4.921610745460865388e+01 1.440389837616818866e-02 6.593438795411899811e+00
5.264570156193967065e+00 4.907093709476615828e+01 1.414395550151681218e-02 6.581657171378634708e+00
5.317479965890042237e+00 4.892682926950867994e+01 1.388870682609742377e-02 6.569895139126302297e+00
5.370921528013953505e+00 4.878378139541366920e+01 1.363808042352445023e-02 6.558146465700118277e+00
5.424900186766447696e+00 4.864178954391873333e+01 1.339200593698480768e-02 6.546404489966964668e+00
5.479421340058385326e+00 4.850084882260794927e+01 1.315041359567806732e-02 6.534662579351497413e+00
5.534490440050528370e+00 4.836095470306375432e+01 1.291323139222259886e-02 6.522915562450246618e+00
5.590112993698767241e+00 4.822216267909931986e+01 1.268025742380888242e-02 6.511225405275541611e+00
5.646294563304818936e+00 4.808453460406536806e+01 1.245129333524923852e-02 6.499657110663364712e+00
5.703040767072462103e+00 4.794806445388364580e+01 1.222629410718800193e-02 6.488199308964414769e+00
5.760357279669362285e+00 4.781274524720654995e+01 1.200521415116556287e-02 6.476840764630763303e+00
5.818249832794543330e+00 4.767856945349998199e+01 1.178800663478733572e-02 6.465570776260777919e+00
5.876724215751562674e+00 4.754552902721412266e+01 1.157462362202099117e-02 6.454379161382660435e+00
5.935786276027441133e+00 4.741361543888401542e+01 1.136501620586873734e-02 6.443256241683680940e+00
5.995441919877428916e+00 4.728281970349821961e+01 1.115913463370439562e-02 6.432192828645646010e+00
6.055697112915622071e+00 4.715313240644503878e+01 1.095692842555899028e-02 6.421180209550817253e+00
6.116557880711539497e+00 4.702454351086952755e+01 1.075834687613245848e-02 6.410209901151549872e+00
6.178030309392673836e+00 4.689703810079084434e+01 1.056334657269965803e-02 6.399269126134796259e+00
6.240120546253124623e+00 4.677060371091646118e+01 1.037187784926696561e-02 6.388348808244434629e+00
6.302834800368319002e+00 4.664522918185684830e+01 1.018388766324528072e-02 6.377442103095046555e+00
6.366179343215930153e+00 4.652090302977847358e+01 9.999322758213637433e-03 6.366542583214822137e+00
6.430160509303029848e+00 4.639761346216825189e+01 9.818129746068920277e-03 6.355644225383130674e+00
6.494784696799543511e+00 4.627534839276297163e+01 9.640255183821578103e-03 6.344741398170707036e+00
6.560058368178077082e+00 4.615410131799934845e+01 9.465636505171168280e-03 6.333834965670946282e+00
6.625988050860161849e+00 4.603394897224241333e+01 9.294086320649612779e-03 6.323011543852416594e+00
6.692580337869007856e+00 4.591490788053823024e+01 9.125522863963496725e-03 6.312291252739982816e+00
6.759841888488808515e+00 4.579696413711599945e+01 8.959911909090007356e-03 6.301662754156160950e+00
6.827779428930679906e+00 4.568010359395775311e+01 8.797218188217187373e-03 6.291115290219978284e+00
6.896399753005278299e+00 4.556431188924517528e+01 8.637405511020195686e-03 6.280638664795625381e+00
6.965709722802197135e+00 4.544957438166940733e+01 8.480437002210863828e-03 6.270223133010229155e+00
7.035716269376173670e+00 4.533587594810050803e+01 8.326275486176629506e-03 6.259859166442902634e+00
7.106426393440203881e+00 4.522320148839509812e+01 8.174882900484523388e-03 6.249537934830430963e+00
7.177847166065618900e+00 4.511153578816105636e+01 8.026220623422343839e-03 6.239251124702265727e+00
7.249985729389200273e+00 4.500086352553222468e+01 7.880249578600019220e-03 6.228990912629143395e+00
7.322849297327397089e+00 4.489116928585031729e+01 7.736930320399456468e-03 6.218749948637551483e+00
7.396445156297719592e+00 4.478243757495699384e+01 7.596223113978532379e-03 6.208521339980096698e+00
7.470780665947395427e+00 4.467465283130120923e+01 7.458088010064306897e-03 6.198298635245654609e+00
7.545863259889338259e+00 4.456779943704452052e+01 7.322484914765738616e-03 6.188075808795169053e+00
7.621700446445508703e+00 4.446186172832615568e+01 7.189373654630663683e-03 6.177847245510955432e+00
7.698299809397763482e+00 4.435682400482940579e+01 7.058714037167105118e-03 6.167607725848392342e+00
7.775669008746228350e+00 4.425267053877398382e+01 6.930465907041602654e-03 6.157352411181690854e+00
7.853815781475313784e+00 4.414938555224924954e+01 6.804589231687238615e-03 6.147076799150573478e+00
7.932747942327415203e+00 4.404697626206540662e+01 6.681020225797891857e-03 6.136798681856012294e+00
8.012473384584394509e+00 4.394549159192501975e+01 6.559656631992893429e-03 6.126573762644750509e+00
8.093000080856914025e+00 4.384491682768566534e+01 6.440466567262287216e-03 6.116395407763627112e+00
8.174336083881710735e+00 4.374523509884183170e+01 6.323420019349007375e-03 6.106255387327435891e+00
8.256489527326863254e+00 4.364642958263850403e+01 6.208486582067092481e-03 6.096145971273315034e+00
8.339468626605182067e+00 4.354848351679641638e+01 6.095635527331978720e-03 6.086059910397847439e+00
8.423281679695737267e+00 4.345138021075629808e+01 5.984835872434712128e-03 6.075990417874985283e+00
8.507937067973688983e+00 4.335510305565454559e+01 5.876056442774499518e-03 6.065931151239286834e+00
8.593443257048409833e+00 4.325963553321917487e+01 5.769265930259937641e-03 6.055876194820474900e+00
8.679808797610062854e+00 4.316496122375048117e+01 5.664432947584500076e-03 6.045820042616372625e+00
8.767042326284675724e+00 4.307106381333241529e+01 5.561526078576390850e-03 6.035757581593063748e+00
8.855152566497807243e+00 4.297792710040020836e+01 5.460513924817327926e-03 6.025684075402303108e+00
8.944148329346909065e+00 4.288553219081158119e+01 5.361367384992268663e-03 6.015592639350001214e+00
9.034038514482425342e+00 4.279385109314305424e+01 5.264064256711157262e-03 6.005468809833455879e+00
9.124832110997779466e+00 4.270286598837715530e+01 5.168573804352997493e-03 5.995307815894012293e+00
9.216538198328287024e+00 4.261256059081564729e+01 5.074864334087211132e-03 5.985106484800023274e+00
9.309165947159103283e+00 4.252291875781033070e+01 4.982904373423003262e-03 5.974861959973320147e+00
9.402724620342297612e+00 4.243392449349760653e+01 4.892662700112083637e-03 5.964571685902083864e+00
9.497223573823154297e+00 4.234556195251416710e+01 4.804108368351474832e-03 5.954233393459515078e+00
9.592672257575776129e+00 4.225781544371338327e+01 4.717210732446990538e-03 5.943845085623779667e+00
9.689080216548074276e+00 4.217066943389815492e+01 4.631939468090026657e-03 5.933405023596184158e+00
9.786457091616288295e+00 4.208412740490474135e+01 4.548252434406202006e-03 5.922927544618268314e+00
9.884812620549070061e+00 4.199822333673786545e+01 4.466090577191999741e-03 5.912451131236806212e+00
9.984156638981280807e+00 4.191294352599447137e+01 4.385428043378503289e-03 5.901972911196383009e+00
1.008449908139754392e+01 4.182827285222439428e+01 4.306240122218750986e-03 5.891488965496545660e+00
1.018584998212572756e+01 4.174419266327450373e+01 4.228504385719618688e-03 5.880992650347246276e+00
1.028821947634035894e+01 4.166068412091272677e+01 4.152198464961943253e-03 5.870477513172137840e+00
1.039161780107616906e+01 4.157773248989909121e+01 4.077297719296910788e-03 5.859940663693508967e+00
1.049605529625180012e+01 4.149532326149558514e+01 4.003777688333804048e-03 5.849379490697941719e+00
1.060154240570379258e+01 4.141344214344618280e+01 3.931614120150585603e-03 5.838791637323608619e+00
1.070808967823100843e+01 4.133207506278600363e+01 3.860782989630480531e-03 5.828174987602177559e+00
1.081570776864948336e+01 4.125120816846111893e+01 3.791260514939573476e-03 5.817527653449636738e+00
1.092440743885794241e+01 4.117082783378120325e+01 3.723023172262606741e-03 5.806847962097966054e+00
1.103419955891399162e+01 4.109092065872234656e+01 3.656047708908596698e-03 5.796134443960069049e+00
1.114509510812112580e+01 4.101147347209369087e+01 3.590311154892981797e-03 5.785385820919687561e+00
1.125710517612668582e+01 4.093247333357789586e+01 3.525790833097320730e-03 5.774600995038949414e+00
1.137024096403081153e+01 4.085390753565238242e+01 3.462464368102915937e-03 5.763779037675612393e+00
1.148451378550656976e+01 4.077576281419396764e+01 3.400310042634651156e-03 5.752918588798281441e+00
1.159993506793134088e+01 4.069801500313830900e+01 3.339311164759824896e-03 5.742010300281942925e+00
1.171651635352954912e+01 4.062064788506931734e+01 3.279447507836014998e-03 5.731051132923749236e+00
1.183426930052690373e+01 4.054364941874788286e+01 3.220697405682817864e-03 5.720041161592177126e+00
1.195320568431623798e+01 4.046700780391779517e+01 3.163039551728219836e-03 5.708980574837417166e+00
1.207333739863503830e+01 4.039071148260232746e+01 3.106453000380757831e-03 5.697869666183790649e+00
1.219467645675485379e+01 4.031474914031088730e+01 3.050917167654629107e-03 5.686708825792971211e+00
1.231723499268261079e+01 4.023910796026570580e+01 2.996412480551427591e-03 5.675497302384322040e+00
1.244102526237402806e+01 4.016374911677615955e+01 2.942929092350042054e-03 5.664216320671250138e+00
1.256605964495923899e+01 4.008865304617063430e+01 2.890449563378104381e-03 5.652861487296811482e+00
1.269235064398069923e+01 4.001381006002836216e+01 2.838953226981414963e-03 5.641435311499394700e+00
1.281991088864355000e+01 3.993921069936578050e+01 2.788419891884430339e-03 5.629940280734559543e+00
1.294875313507855985e+01 3.986484573691228661e+01 2.738829831573781539e-03 5.618378857411025606e+00
1.307889026761774254e+01 3.979070278622492651e+01 2.690164860727476369e-03 5.606751210460060086e+00
1.321033530008279833e+01 3.971675665769010521e+01 2.642411133665114892e-03 5.595049084326533695e+00
1.334310137708650856e+01 3.964299604601590943e+01 2.595550484448060080e-03 5.583273741115831079e+00
1.347720177534722019e+01 3.956941246640822385e+01 2.549564351763078558e-03 5.571428147808392239e+00
1.361264990501650196e+01 3.949599766932601597e+01 2.504434624935066196e-03 5.559515214002188621e+00
1.374945931102019969e+01 3.942274364193819736e+01 2.460143632003037283e-03 5.547537790318131101e+00
1.388764367441291725e+01 3.934964260925433877e+01 2.416674128050238547e-03 5.535498666991061967e+00
1.402721681374615770e+01 3.927668703494271085e+01 2.374009283790451917e-03 5.523400572637599204e+00
1.416819268645015484e+01 3.920386962184899460e+01 2.332132674411503421e-03 5.511246173192893671e+00
1.431058539022966158e+01 3.913118331222930379e+01 2.291028268676565012e-03 5.499038071007920969e+00
1.445440916447372182e+01 3.905862128771128994e+01 2.250680418283294848e-03 5.486778804098868534e+00
1.459967839167961046e+01 3.898617696899707852e+01 2.211073847479949096e-03 5.474470845541110187e+00
1.474640759889110520e+01 3.891384401532194914e+01 2.172193642937418796e-03 5.462116602999627979e+00
1.489461145915120355e+01 3.884161116953812609e+01 2.134026441091897187e-03 5.449715361025909033e+00
1.504430479296943446e+01 3.876945264407232372e+01 2.096562380634041812e-03 5.437257954604268306e+00
1.519550256980392255e+01 3.869736127169912976e+01 2.059787363579602612e-03 5.424746483913373218e+00
1.534821990955835602e+01 3.862533208916952532e+01 2.023687194542612630e-03 5.412184127653107524e+00
1.550247208409396826e+01 3.855336036170529468e+01 1.988248042767479847e-03 5.399573952185325432e+00
1.565827451875676068e+01 3.848144158196525666e+01 1.953456430265047231e-03 5.386918913485405191e+00
1.581564279392003591e+01 3.840955970592344215e+01 1.919301578502400707e-03 5.374215256173018318e+00
1.597459264654244571e+01 3.833767090067733108e+01 1.885778160605041049e-03 5.361444152117133655e+00
1.613513997174171166e+01 3.826576973691317818e+01 1.852873028271727514e-03 5.348608857519199233e+00
1.629730082438415550e+01 3.819385300942264649e+01 1.820573004375255176e-03 5.335713600283704672e+00
1.646109142069016329e+01 3.812191772312539939e+01 1.788865284558822412e-03 5.322762436503372108e+00
1.662652813985586064e+01 3.804996109246424396e+01 1.757737423060261187e-03 5.309759255258717836e+00
1.679362752569102923e+01 3.797798054040016780e+01 1.727177319170255642e-03 5.296707783345573795e+00
1.696240628827350250e+01 3.790596581725235126e+01 1.697174536809212611e-03 5.283607441567940377e+00
1.713288130562019163e+01 3.783387799934933327e+01 1.667723517916078592e-03 5.270442841230031483e+00
1.730506962537489102e+01 3.776170804307285067e+01 1.638813553119792188e-03 5.257214829206514395e+00
1.747898846651306570e+01 3.768945221765559239e+01 1.610433349714750087e-03 5.243926863361149771e+00
1.765465522106376284e+01 3.761710698599218006e+01 1.582571915633213628e-03 5.230582271421622131e+00
1.783208745584883204e+01 3.754466900303743415e+01 1.555218548952832115e-03 5.217184254249624509e+00
1.801130291423960728e+01 3.747213511395392516e+01 1.528362827832126106e-03 5.203735889091205102e+00
1.819231951793127777e+01 3.739950235203599505e+01 1.501994600855859844e-03 5.190240132803181083e+00
1.837515536873504729e+01 3.732676793643506130e+01 1.476103977773128833e-03 5.176699825051159110e+00
1.855982875038838387e+01 3.725392926970870633e+01 1.450681320611514440e-03 5.163117691475637372e+00
1.874635813038332444e+01 3.718098393521592726e+01 1.425717235151531233e-03 5.149496346822437509e+00
1.893476216181332461e+01 3.710792969437673605e+01 1.401202562746062903e-03 5.135838298034435923e+00
1.912505968523852928e+01 3.703476448381550767e+01 1.377128372470222449e-03 5.122145947301667945e+00
1.931726973056986196e+01 3.696148475631923702e+01 1.353486159083541361e-03 5.108420819470229191e+00
1.951141151897202519e+01 3.688806987165234830e+01 1.330269682890196457e-03 5.094656433954876995e+00
1.970750446478565010e+01 3.681451611599567286e+01 1.307470670875947923e-03 5.080854407579086462e+00
1.990556817746873008e+01 3.674082669412958069e+01 1.285080265691191563e-03 5.067019339286748192e+00
2.010562246355758376e+01 3.666697411531006878e+01 1.263093353253557554e-03 5.053141699851348534e+00
2.030768732864753900e+01 3.659292460071250019e+01 1.241505355192461984e-03 5.039209798235908089e+00
2.051178297939348383e+01 3.651867994993492772e+01 1.220307713983472941e-03 5.025228229153203330e+00
2.071792982553057882e+01 3.644424238479265910e+01 1.199492100558158508e-03 5.011201493995265821e+00
2.092614848191522370e+01 3.636961426335645342e+01 1.179050436029118040e-03 4.997133879000030809e+00
2.113645977058657621e+01 3.629479807821864057e+01 1.158974880958458858e-03 4.983029463454858643e+00
2.134888472284876570e+01 3.621979645443970952e+01 1.139257825186020499e-03 4.968892127627437816e+00
2.156344458137403208e+01 3.614461214722155091e+01 1.119891878185618871e-03 4.954725560429794839e+00
2.178016080232703544e+01 3.606924803935081059e+01 1.100869859919569559e-03 4.940533266820972713e+00
2.199905505751046775e+01 3.599370713844994185e+01 1.082184792163420938e-03 4.926318574954476226e+00
2.222014923653225438e+01 3.591796884762307229e+01 1.063832015014373007e-03 4.912074832409278891e+00
2.244346544899454798e+01 3.584200884135427145e+01 1.045807134488114815e-03 4.897794287594472884e+00
2.266902602670469236e+01 3.576583087729201083e+01 1.028103302770052565e-03 4.883480935847520854e+00
2.289685352590842271e+01 3.568943904179955240e+01 1.010713854256768511e-03 4.869138663199423789e+00
2.312697072954552269e+01 3.561283752290837867e+01 9.936323176146450234e-04 4.854771160007332220e+00
2.335940064952811213e+01 3.553603060797586721e+01 9.768524075381380609e-04 4.840381928794851518e+00
2.359416652904189249e+01 3.545902268115616351e+01 9.603680169412685558e-04 4.825974291804097760e+00
2.383129184487043872e+01 3.538181822071737770e+01 9.441732095573249174e-04 4.811551398267956969e+00
2.407080030974295326e+01 3.530442179623573651e+01 9.282622129233918194e-04 4.797116231410583964e+00
2.431271587470551054e+01 3.522683806569278886e+01 9.126294117275218472e-04 4.782671615185282832e+00
2.455706273151620067e+01 3.514907177249872916e+01 8.972693414979799774e-04 4.768220220757316774e+00
2.480386531506432846e+01 3.507112436978520975e+01 8.821769204652512523e-04 4.753763291042826467e+00
2.505314830581391661e+01 3.499292863861769121e+01 8.673518909605929927e-04 4.739276257641578560e+00
2.530493663227178658e+01 3.491445303236471887e+01 8.527911963217303442e-04 4.724749161652529672e+00
2.555925547348039828e+01 3.483563468033748478e+01 8.384937380159136235e-04 4.710160995103518822e+00
2.581613026153580392e+01 3.475646484587363005e+01 8.244546237269730288e-04 4.695511707310338956e+00
2.607558668413087943e+01 3.467695174597627528e+01 8.106679927233524652e-04 4.680807379203421270e+00
2.633765068712410340e+01 3.459710363053514470e+01 7.971281828057574315e-04 4.666053804274093331e+00
2.660234847713414652e+01 3.451692878457208025e+01 7.838297208159867527e-04 4.651256500353324164e+00
2.686970652416060545e+01 3.443643552976153188e+01 7.707673136876125623e-04 4.636420720935381823e+00
2.713975156423096990e+01 3.435563222531546046e+01 7.579358400045654170e-04 4.621551466060298097e+00
2.741251060207429902e+01 3.427452726831226926e+01 7.453303420360725276e-04 4.606653492768357339e+00
2.768801091382166746e+01 3.419312909354253804e+01 7.329460182184459023e-04 4.591731325140122166e+00
2.796628004973383597e+01 3.411144617293538772e+01 7.207782160561370007e-04 4.576789263935659768e+00
2.824734583695629198e+01 3.402948701462271686e+01 7.088224254163302124e-04 4.561831395846261294e+00
2.853123638230197301e+01 3.394726016169325078e+01 6.970742721929549168e-04 4.546861602372382904e+00
2.881798007506199966e+01 3.386477419068177142e+01 6.855295123177534760e-04 4.531883568340047574e+00
2.910760558984459223e+01 3.378202620843632786e+01 6.741846028942401550e-04 4.516896925646070038e+00
2.940014188944258677e+01 3.369899036648520507e+01 6.630371748034003801e-04 4.501893756122280266e+00
2.969561822772972448e+01 3.361567557840395892e+01 6.520831434209821463e-04 4.486877958744285522e+00
2.999406415258606984e+01 3.353209203992539500e+01 6.413184873217444692e-04 4.471853645800516475e+00
3.029550950885281324e+01 3.344822892385514024e+01 6.307402777337775676e-04 4.456817866648817628e+00
3.059998444131678141e+01 3.336406310394050223e+01 6.203461490065878027e-04 4.441763912129915504e+00
3.090751939772495049e+01 3.327960220541909564e+01 6.101323473202258487e-04 4.426695220161181332e+00
3.121814513182924244e+01 3.319485443621183407e+01 6.000952013784326263e-04 4.411615242580323226e+00
3.153189270646193165e+01 3.310982800810155169e+01 5.902311451390495223e-04 4.396527261527777952e+00
3.184879349664192461e+01 3.302453113583105448e+01 5.805367133997533201e-04 4.381434396534701570e+00
3.216887919271233187e+01 3.293897203603859936e+01 5.710085376171925367e-04 4.366339611320078973e+00
3.249218180350950291e+01 3.285315892605563448e+01 5.616433419456792536e-04 4.351245720308197562e+00
3.281873365956393229e+01 3.276710002258998600e+01 5.524379394824965959e-04 4.336155394877126312e+00
3.314856741633335702e+01 3.268080354031388879e+01 5.433892287076521254e-04 4.321071169349006702e+00
3.348171605746829727e+01 3.259425459008463122e+01 5.344950630654001899e-04 4.305988414008559140e+00
3.381821289811052367e+01 3.250741981642806877e+01 5.257539606745199748e-04 4.290897224089535555e+00
3.415809158822449376e+01 3.242030616253313724e+01 5.171629129186887169e-04 4.275800196121215535e+00
3.450138611596246108e+01 3.233292151101310452e+01 5.087189570544734495e-04 4.260700082230697738e+00
3.484813081106326393e+01 3.224527371958122757e+01 5.004192102613405592e-04 4.245599498820112672e+00
3.519836034828539084e+01 3.215737062046168404e+01 4.922608664773218652e-04 4.230500932293908001e+00
3.555210975087441483e+01 3.206922001970002611e+01 4.842411933964147147e-04 4.215406744549047957e+00
3.590941439406537228e+01 3.198082338121528423e+01 4.763577385655287828e-04 4.200317335830353827e+00
3.627031000862035626e+01 3.189214892602380047e+01 4.686091667207385454e-04 4.185223528480094046e+00
3.663483268440155172e+01 3.180319721906362318e+01 4.609930590266054715e-04 4.170125851659984839e+00
3.700301887398031653e+01 3.171397778508373477e+01 4.535067673198130535e-04 4.155027348195873493e+00
3.737490539628242914e+01 3.162450011227957702e+01 4.461477170507147398e-04 4.139930916315609721e+00
3.775052944027003576e+01 3.153477365221379358e+01 4.389134043078752418e-04 4.124839315607234269e+00
3.812992856866055291e+01 3.144480781958544924e+01 4.318013929958309139e-04 4.109755172729695261e+00
3.851314072168297287e+01 3.135458346687467568e+01 4.248101377106958945e-04 4.094673029499314332e+00
3.890020422087195584e+01 3.126405346719459644e+01 4.179388585598382637e-04 4.079580039867580332e+00
3.929115777289997169e+01 3.117322601465700060e+01 4.111851544195557024e-04 4.064479098455736406e+00
3.968604047344801700e+01 3.108211072700857613e+01 4.045466497579680099e-04 4.049373368563178310e+00
4.008489181111521305e+01 3.099071715906516644e+01 3.980210359038671491e-04 4.034265868328045457e+00
4.048775167136771813e+01 3.089905480370881108e+01 3.916060683262494071e-04 4.019159476728017211e+00
4.089466034052725973e+01 3.080713309268361755e+01 3.852995640545434411e-04 4.004056939331472442e+00
4.130565850979984788e+01 3.071496139721332597e+01 3.790993992312341010e-04 3.988960873809350716e+00
4.172078727934491127e+01 3.062254902846111193e+01 3.730035067891222301e-04 3.973873775217598325e+00
4.214008816238535360e+01 3.052989364824243523e+01 3.670101592958722536e-04 3.958794946335502996e+00
4.256360308935889947e+01 3.043696057011819178e+01 3.611184267275563474e-04 3.943715288966876731e+00
4.299137441211114918e+01 3.034375561729757109e+01 3.553263772833589523e-04 3.928636670088521132e+00
4.342344490813088953e+01 3.025028854210360763e+01 3.496320342811378270e-04 3.913561900578011787e+00
4.385985778482775288e+01 3.015656902940595074e+01 3.440334748166343519e-04 3.898493665844563250e+00
4.430065668385311994e+01 3.006259228836893627e+01 3.385291518590937245e-04 3.883430811882563560e+00
4.474588568546419509e+01 2.996831248093446831e+01 3.331184344472645992e-04 3.868361825042105462e+00
4.519558931293218507e+01 2.987373437993079150e+01 3.277995364925219944e-04 3.853288539600466578e+00
4.564981253699459529e+01 2.977886792775726477e+01 3.225706044910780124e-04 3.838214026805893297e+00
4.610860078035231879e+01 2.968372297975880514e+01 3.174298367066034020e-04 3.823141225285043632e+00
4.657199992221205775e+01 2.958830930616101895e+01 3.123754811036390136e-04 3.808072946444419404e+00
4.704005630287414164e+01 2.949263659378318181e+01 3.074058333860384714e-04 3.793011879648493512e+00
4.751281672836668690e+01 2.939671444755131802e+01 3.025192351343284117e-04 3.777960597183582347e+00
4.799032847512622624e+01 2.930055239183061033e+01 2.977140720362783394e-04 3.762921559016030315e+00
4.847263929472533306e+01 2.920415952995508846e+01 2.929887788274056107e-04 3.747897032643750848e+00
4.895979741864792345e+01 2.910752081962828797e+01 2.883422838530242814e-04 3.732883316352253456e+00
4.945185156311234209e+01 2.901063078859039734e+01 2.837733330446557864e-04 3.717879228096331534e+00
4.994885093394308484e+01 2.891349812198634694e+01 2.792804303712959697e-04 3.702887046971157670e+00
5.045084523149140665e+01 2.881613142170537500e+01 2.748621182061325029e-04 3.687908954984569831e+00
5.095788465560539038e+01 2.871853756997208507e+01 2.705170049554014443e-04 3.672946646769332357e+00
5.147001991064998094e+01 2.862067237300126976e+01 2.662446147183107669e-04 3.657989617783044878e+00
5.198730221057746093e+01 2.852252298506274286e+01 2.620438879771165856e-04 3.643035275446459664e+00
5.250978328404888629e+01 2.842409606536546463e+01 2.579134450371236577e-04 3.628085714749463619e+00
5.303751537960702223e+01 2.832539816726302107e+01 2.538519408038534750e-04 3.613142944476340990e+00
5.357055127090119839e+01 2.822643573978626463e+01 2.498580635526332543e-04 3.598208890756198652e+00
5.410894426196473006e+01 2.812721512906046328e+01 2.459305337557910831e-04 3.583285400470390680e+00
5.465274819254542393e+01 2.802774257961750948e+01 2.420681029642990205e-04 3.568374244522762417e+00
5.520201744348945994e+01 2.792802423561298042e+01 2.382695527408752246e-04 3.553477120978688397e+00
5.575680694217967215e+01 2.782805523109183454e+01 2.345338597867464500e-04 3.538593151318894403e+00
5.631717216802827153e+01 2.772782133935862348e+01 2.308601510872248120e-04 3.523719407163502737e+00
5.688316915802480622e+01 2.762732907051743680e+01 2.272472505314794609e-04 3.508857788155291146e+00
5.745485451233993501e+01 2.752658536268453560e+01 2.236940031435588215e-04 3.494010237037809219e+00
5.803228539998551128e+01 2.742559705298888773e+01 2.201992823173153286e-04 3.479178619678588102e+00
5.861551956453147483e+01 2.732437087910121321e+01 2.167619888354226630e-04 3.464364728197587784e+00
5.920461532988031905e+01 2.722289853046662955e+01 2.133812572071088647e-04 3.449566933132752755e+00
5.979963160609950279e+01 2.712113794151535373e+01 2.100566837730156620e-04 3.434776249510628876e+00
6.040062789531249621e+01 2.701909338666456861e+01 2.067872160260254887e-04 3.419994283164878190e+00
6.100766429764902909e+01 2.691677078228178388e+01 2.035718032353656375e-04 3.405222961420877770e+00
6.162080151725523081e+01 2.681417592718419485e+01 2.004094204385243802e-04 3.390464137947254653e+00
6.224010086836398870e+01 2.671131450453489720e+01 1.972990675560759230e-04 3.375719595755476199e+00
6.286562428142650560e+01 2.660818630890976166e+01 1.942398414960524132e-04 3.360989787814536722e+00
6.349743430930536192e+01 2.650476799337695866e+01 1.912311402359264268e-04 3.346270183303706069e+00
6.413559413352984961e+01 2.640106212815529574e+01 1.882720380497577780e-04 3.331562037470060300e+00
6.478016757061419639e+01 2.629707650871284130e+01 1.853615660715475901e-04 3.316867698412754972e+00
6.543121907843926977e+01 2.619281882027779673e+01 1.824987804223286627e-04 3.302189428858937070e+00
6.608881376269836494e+01 2.608829664065154930e+01 1.796827613101371023e-04 3.287529409589819984e+00
6.675301738340793634e+01 2.598351744286181741e+01 1.769126121719643142e-04 3.272889742732621343e+00
6.742389636148354271e+01 2.587848859766872422e+01 1.741874588553953755e-04 3.258272454923949457e+00
6.810151778538207168e+01 2.577321737593539197e+01 1.715064488377797218e-04 3.243679500349930578e+00
6.878594941781058481e+01 2.566770538725678108e+01 1.688688116979163698e-04 3.229111593075395081e+00
6.947725970250270677e+01 2.556194991558249896e+01 1.662738375244741018e-04 3.214568548941799886e+00
7.017551777106298516e+01 2.545595244899488563e+01 1.637207820733106104e-04 3.200051084687907998e+00
7.088079344988014441e+01 2.534969612865996780e+01 1.612091076780338555e-04 3.185556103064825617e+00
7.159315726710984507e+01 2.524317015918601115e+01 1.587382109162960493e-04 3.171081919164415730e+00
7.231268045972740310e+01 2.513637757709215848e+01 1.563073517563031551e-04 3.156629768957603055e+00
7.303943498065169138e+01 2.502932130012244372e+01 1.539158064576635540e-04 3.142200845319169211e+00
7.377349350594045063e+01 2.492200412825683742e+01 1.515628670861729867e-04 3.127796299785662093e+00
7.451492944205791957e+01 2.481442874467160564e+01 1.492478410480341982e-04 3.113417244247243421e+00
7.526381693321559396e+01 2.470659771665200211e+01 1.469700506425647782e-04 3.099064752576067061e+00
7.602023086878662639e+01 2.459851349646130103e+01 1.447288326324887818e-04 3.084739862193887294e+00
7.678424689079493248e+01 2.449017842216854390e+01 1.425235378309671578e-04 3.070443575581275564e+00
7.755594140147942994e+01 2.438159471843837878e+01 1.403535307045469479e-04 3.056176861731196848e+00
7.833539157093423455e+01 2.427275989193982753e+01 1.382182311951347974e-04 3.041939728716255953e+00
7.912267534482583642e+01 2.416365147978703121e+01 1.361172467837746473e-04 3.027728229630382906e+00
7.991787145218769695e+01 2.405427768889541440e+01 1.340499076819539215e-04 3.013544697203483835e+00
8.072105941329323286e+01 2.394464798959626606e+01 1.320155503774377730e-04 2.999391637529920107e+00
8.153231954760786948e+01 2.383476012644387865e+01 1.300136285646623184e-04 2.985269185208089482e+00
8.235173298182108681e+01 2.372461170733753733e+01 1.280436055023986212e-04 2.971177468412605105e+00
8.317938165795916916e+01 2.361420020210400139e+01 1.261049538290416128e-04 2.957116609100917781e+00
8.401534834157942555e+01 2.350352294103712580e+01 1.241971553825421909e-04 2.943086723203733879e+00
8.485971663004686150e+01 2.339257711339246981e+01 1.223197010248412773e-04 2.929087920799183564e+00
8.571257096089397010e+01 2.328135976583535793e+01 1.204720904706552403e-04 2.915120306271028028e+00
8.657399662026455189e+01 2.316986282267019703e+01 1.186538719839251875e-04 2.901183003757120904e+00
8.744407975144240197e+01 2.305806434741025512e+01 1.168647065599361670e-04 2.887272516660697619e+00
8.832290736346567428e+01 2.294596100527059335e+01 1.151041075942823346e-04 2.873389087672296061e+00
8.921056733982798903e+01 2.283355132505496599e+01 1.133715819593000818e-04 2.859533335948272637e+00
9.010714844726665262e+01 2.272083368962366734e+01 1.116666461910922507e-04 2.845705860297198964e+00
9.101274034463961016e+01 2.260780633535275896e+01 1.099888262543910423e-04 2.831907239904623008e+00
9.192743359189122998e+01 2.249446735154303312e+01 1.083376573151487930e-04 2.818138035027232924e+00
9.285131965910849772e+01 2.238084876414181679e+01 1.067124346674909290e-04 2.804405327506072076e+00
9.378449093566800343e+01 2.226700255642384363e+01 1.051123383143768853e-04 2.790719743678186759e+00
9.472704073947507197e+01 2.215292717182431659e+01 1.035369618108786417e-04 2.777081439294603715e+00
9.567906332629557653e+01 2.203860831976933810e+01 1.019859938539689103e-04 2.763488175455695472e+00
9.664065389918152960e+01 2.192404122429804403e+01 1.004590567351388528e-04 2.749939615206585142e+00
9.761190861799153140e+01 2.180922449505703398e+01 9.895575438374530836e-05 2.736436091793606362e+00
9.859292460900687161e+01 2.169415662824595614e+01 9.747569774180195573e-05 2.722977931413791630e+00
9.958379997464415112e+01 2.157883600630247400e+01 9.601850461798745230e-05 2.709565453632880150e+00
1.005846338032656746e+02 2.146326089757265976e+01 9.458379954555213350e-05 2.696198971791547105e+00
1.015955261790883242e+02 2.134742945596711294e+01 9.317121364398624325e-05 2.682878793400357509e+00
1.026165781921921365e+02 2.123133972060207597e+01 9.178038448431160873e-05 2.669605220524116973e+00
1.036478919486292227e+02 2.111497834797986428e+01 9.041102800304497719e-05 2.656376433387210856e+00
1.046895705806347223e+02 2.099831682641934094e+01 8.906295507556631760e-05 2.643187888189082013e+00
1.057417182569399046e+02 2.088135402443094435e+01 8.773580093606528623e-05 2.630040290339195508e+00
1.068044401931891372e+02 2.076408956713294174e+01 8.642920254360791173e-05 2.616934490759819987e+00
1.078778426624616884e+02 2.064653897290398632e+01 8.514270621113258805e-05 2.603874314423360925e+00
1.089620330058989879e+02 2.052876924603033260e+01 8.387556341398825339e-05 2.590873013011632864e+00
1.100571196434388952e+02 2.041078778543702654e+01 8.262741291132716663e-05 2.577932448845083879e+00
1.111632120846577152e+02 2.029259361719322285e+01 8.139795029834918732e-05 2.565052920207939735e+00
1.122804209397212958e+02 2.017417809527342953e+01 8.018692055719459436e-05 2.552233315571538430e+00
1.134088579304462030e+02 2.005551494510816823e+01 7.899417070756968530e-05 2.539469347555330270e+00
1.145486359014718403e+02 1.993660368300642460e+01 7.781939639598936455e-05 2.526761620713770640e+00
1.156998688315451460e+02 1.981744522350691540e+01 7.666229050885539425e-05 2.514111004793832649e+00
1.168626718449184807e+02 1.969804042081808504e+01 7.552255171000375874e-05 2.501518362092953307e+00
1.180371612228621956e+02 1.957839007050018409e+01 7.439988429853388425e-05 2.488984548473748948e+00
1.192234544152928066e+02 1.945849491116718966e+01 7.329399807092263903e-05 2.476510414376824620e+00
1.204216700525181523e+02 1.933835536183242354e+01 7.220460962616369316e-05 2.464096756728092696e+00
1.216319279571005012e+02 1.921795723699581870e+01 7.113151837102883442e-05 2.451741693291591861e+00
1.228543491558388467e+02 1.909728857703693450e+01 7.007451115888482557e-05 2.439443845360109719e+00
1.240890558918717090e+02 1.897634844417801503e+01 6.903331826359505852e-05 2.427203910470970616e+00
1.253361716369016818e+02 1.885513626424735634e+01 6.800767246350794787e-05 2.415022667030573444e+00
1.265958211035424625e+02 1.873372704317386805e+01 6.699692406797302642e-05 2.402914782704296925e+00
1.278681302577904972e+02 1.861215075713627343e+01 6.600068235415812662e-05 2.390886270014819015e+00
1.291532263316214255e+02 1.849040607273637704e+01 6.501872561082532444e-05 2.378937328695663211e+00
1.304512378357135560e+02 1.836848237321540012e+01 6.405088124429763935e-05 2.367066477367054222e+00
1.317622945722989982e+02 1.824636641983037322e+01 6.309698906609833029e-05 2.355271837170596516e+00
1.330865276481439423e+02 1.812405677643343083e+01 6.215683097138441392e-05 2.343553762404577689e+00
1.344240694876594944e+02 1.800155210410779461e+01 6.123019139449906699e-05 2.331912650394703412e+00
1.357750538461442602e+02 1.787885102010064386e+01 6.031685797293095838e-05 2.320348915811950352e+00
1.371396158231599145e+02 1.775595209901377913e+01 5.941662149132688248e-05 2.308862991393058728e+00
1.385178918760412330e+02 1.763285382550649416e+01 5.852927606167426106e-05 2.297455319454663858e+00
1.399100198335421794e+02 1.750954108242209983e+01 5.765468184906435262e-05 2.286123862848815858e+00
1.413161389096185303e+02 1.738600649737353621e+01 5.679266198706854309e-05 2.274868105547222186e+00
1.427363897173496525e+02 1.726224957332478382e+01 5.594300976328209110e-05 2.263688839258974017e+00
1.441709142829999166e+02 1.713826978929607492e+01 5.510552175988532581e-05 2.252586874034609998e+00
1.456198560602213092e+02 1.701406660246451352e+01 5.427999778254029962e-05 2.241563039540538149e+00
1.470833599443989499e+02 1.688968002537567159e+01 5.346606012234716364e-05 2.230625723914465119e+00
1.485615722871409616e+02 1.676516518349229301e+01 5.266328037280166988e-05 2.219785915064970805e+00
1.500546409109134061e+02 1.664051540258098782e+01 5.187151556056654071e-05 2.209043012598599809e+00
1.515627151238228976e+02 1.651572815783893233e+01 5.109060533445229624e-05 2.198397246371545766e+00
1.530859457345474937e+02 1.639080105696778844e+01 5.032039044026373752e-05 2.187848915245889092e+00
1.546244850674175382e+02 1.626573168359436039e+01 4.956071341055729329e-05 2.177398358552402602e+00
1.561784869776485039e+02 1.614051759864178237e+01 4.881141854505871607e-05 2.167045957204013718e+00
1.577481068667263742e+02 1.601515441806988704e+01 4.807235997621829094e-05 2.156791772125323359e+00
1.593335016979481509e+02 1.588963765034772990e+01 4.734339330181811938e-05 2.146635904739312650e+00
1.609348300121180841e+02 1.576397076116267115e+01 4.662434267533413929e-05 2.136580005520131387e+00
1.625522519434020126e+02 1.563815751458962211e+01 4.591503410760367377e-05 2.126625812846777652e+00
1.641859292353409501e+02 1.551220175696075643e+01 4.521529633548380711e-05 2.116775114372572819e+00
1.658360252570254829e+02 1.538610742530709175e+01 4.452496073513895506e-05 2.107029751081741953e+00
1.675027050194328808e+02 1.525987996800723678e+01 4.384385559435234549e-05 2.097391891486451776e+00
1.691861351919282583e+02 1.513352292022185352e+01 4.317182005123573578e-05 2.087863372763607561e+00
1.708864841189317190e+02 1.500706341170835323e+01 4.250860269913745104e-05 2.078450637341168861e+00
1.726039218367530168e+02 1.488055252593156119e+01 4.185386791332578328e-05 2.069164673019657563e+00
1.743386200905949863e+02 1.475399069370256200e+01 4.120748823675137568e-05 2.060006645962922711e+00
1.760907523517287245e+02 1.462737704098418412e+01 4.056934255411560441e-05 2.050977544127627894e+00
1.778604938348404403e+02 1.450071146473194794e+01 3.993930790495456935e-05 2.042078583675779324e+00
1.796480215155531823e+02 1.437399480407682262e+01 3.931725903147361486e-05 2.033311243445816707e+00
1.814535141481246967e+02 1.424722799539317641e+01 3.870307174893478818e-05 2.024677101729715822e+00
1.832771522833227493e+02 1.412041202924047489e+01 3.809662310020111100e-05 2.016177831700091794e+00
1.851191182864806422e+02 1.399354837686513520e+01 3.749778974205267507e-05 2.007815291159355642e+00
1.869795963557335767e+02 1.386664183879899959e+01 3.690643753939605343e-05 1.999592095000278347e+00
1.888587725404389630e+02 1.373969389001692498e+01 3.632244669830521935e-05 1.991510280162005930e+00
1.907568347597812419e+02 1.361270486142096914e+01 3.574570294531850790e-05 1.983571757578511674e+00
1.926739728215640355e+02 1.348567512882216413e+01 3.517609297868408153e-05 1.975778557561300497e+00
1.946103784411911590e+02 1.335860581284178217e+01 3.461350190933158960e-05 1.968132980252494280e+00
1.965662452608382864e+02 1.323150369230526557e+01 3.405779581171982257e-05 1.960638614455814777e+00
1.985417688688172007e+02 1.310440560294147438e+01 3.350873597015025234e-05 1.953305414866099321e+00
2.005371468191350459e+02 1.297732433278317998e+01 3.296617714730106917e-05 1.946138399491395665e+00
2.025525786512496609e+02 1.285025907182554761e+01 3.243002454892250533e-05 1.939139901162982627e+00
2.045882659100237504e+02 1.272320522079604466e+01 3.190019722021989444e-05 1.932311606759824940e+00
2.066444121658796860e+02 1.259615202269694301e+01 3.137663510377024641e-05 1.925654078750370868e+00
2.087212230351564131e+02 1.246910380941979213e+01 3.085922474705748238e-05 1.919171297811924859e+00
2.108189062006715631e+02 1.234206554557435354e+01 3.034785192246567022e-05 1.912867574379386371e+00
2.129376714324898217e+02 1.221504227000919585e+01 2.984240356233091538e-05 1.906747444312285822e+00
2.150777306088999694e+02 1.208804605850526137e+01 2.934274392041308563e-05 1.900817225387695819e+00
2.172392977376030672e+02 1.196107861001731187e+01 2.884877514721395923e-05 1.895081159787291192e+00
2.194225889771132927e+02 1.183413642820023526e+01 2.836041740027804702e-05 1.889542587667360607e+00
2.216278226583739297e+02 1.170721595135242588e+01 2.787759073965231880e-05 1.884205101901770929e+00
2.238552193065909250e+02 1.158032170912905201e+01 2.740018758495098899e-05 1.879074451557627201e+00
2.261050016632852078e+02 1.145347064375753199e+01 2.692806003377304114e-05 1.874159580650933243e+00
2.283773947085672660e+02 1.132669060025495789e+01 2.646102688665067114e-05 1.869472368551794883e+00
2.306726256836353173e+02 1.119998417012171110e+01 2.599899509619671114e-05 1.865019138592804770e+00
2.329909241134995455e+02 1.107334916416952453e+01 2.554188734780020318e-05 1.860805496390522507e+00
2.353325218299349046e+02 1.094678425327239601e+01 2.508962289366515488e-05 1.856837686093374407e+00
2.376976529946642813e+02 1.082028502285446336e+01 2.464213045834994583e-05 1.853121665513708383e+00
2.400865541227752260e+02 1.069384675330692502e+01 2.419933857631602109e-05 1.849663814933917516e+00
2.424994641063712209e+02 1.056746570435202948e+01 2.376117123245854581e-05 1.846471304257746526e+00
2.449366242384614338e+02 1.044114042547949417e+01 2.332754372893310597e-05 1.843552479236212349e+00
2.473982782370900111e+02 1.031486753356687380e+01 2.289837655317935073e-05 1.840915840107217871e+00
2.498846722697082043e+02 1.018864326215346416e+01 2.247358990984480524e-05 1.838570493831669816e+00
2.523960549777912945e+02 1.006246579309737399e+01 2.205309590670980345e-05 1.836526849650520932e+00
2.549326775017029547e+02 9.936331960388265827e+00 2.163680942833276112e-05 1.834795805503773414e+00
2.574947935058092980e+02 9.810240224490634375e+00 2.122463782151627073e-05 1.833389673078088755e+00
2.600826592038459921e+02 9.684186895258779515e+00 2.081649356712666165e-05 1.832321184091839639e+00
2.626965333845392934e+02 9.558148347671169276e+00 2.041235043154209164e-05 1.831598478633921223e+00
2.653366774374856050e+02 9.432116717615251389e+00 2.001212551192457130e-05 1.831235428671324161e+00
2.680033553792902126e+02 9.306087824975961098e+00 1.961572020053283845e-05 1.831248374867449069e+00
2.706968338799697449e+02 9.180064782002798296e+00 1.922300812868427499e-05 1.831657510794030275e+00
2.734173822896186721e+02 9.054048034837364867e+00 1.883386826769576597e-05 1.832484047602435107e+00
2.761652726653451850e+02 8.928024352852396817e+00 1.844821891547608243e-05 1.833746922229784415e+00
2.789407797984766262e+02 8.801979048368751890e+00 1.806597599469286815e-05 1.835466756139881195e+00
2.817441812420394172e+02 8.675895618667391673e+00 1.768705323275929410e-05 1.837665996015564795e+00
2.845757573385139949e+02 8.549755395922430168e+00 1.731136210376429840e-05 1.840369096121339920e+00
2.874357912478695880e+02 8.423539523839856713e+00 1.693880383515101239e-05 1.843603586566819663e+00
2.903245689758807657e+02 8.297233808109716335e+00 1.656925203352045757e-05 1.847402339465807453e+00
2.932423794027273516e+02 8.170813254173220130e+00 1.620260255634053525e-05 1.851798485521619408e+00
2.961895143118836131e+02 8.044248191021043937e+00 1.583875001759847974e-05 1.856828141746464045e+00
2.991662684192966140e+02 7.917505301827209685e+00 1.547758150023054042e-05 1.862531492830471702e+00
3.021729394028575371e+02 7.790547043999455745e+00 1.511897512243698490e-05 1.868953440297940416e+00
3.052098279321704126e+02 7.663330949823945915e+00 1.476279826044068961e-05 1.876144394378976843e+00
3.082772376986188760e+02 7.535808770518411137e+00 1.440890534543048716e-05 1.884161246772292131e+00
3.113754754457357308e+02 7.407925147857940651e+00 1.405713605691699531e-05 1.893068449613836135e+00
3.145048509998774762e+02 7.279616170458806046e+00 1.370731228126226851e-05 1.902939447952020746e+00
3.176656773012076087e+02 7.150808095744764614e+00 1.335923216362709896e-05 1.913858781574006906e+00
3.208582704349900609e+02 7.021414481979273425e+00 1.301266716281202088e-05 1.925924133641175207e+00
3.240829496631988604e+02 6.891328842704314006e+00 1.266737214706228055e-05 1.939246773933460899e+00
3.273400374564439517e+02 6.760429479949014109e+00 1.232304245805561456e-05 1.953960467363168307e+00
3.306298595262189792e+02 6.628572397530717808e+00 1.197930792699346543e-05 1.970226242698300823e+00
3.339527448574723962e+02 6.495580236685047915e+00 1.163573117006410984e-05 1.988237494393943816e+00
3.373090257415065025e+02 6.361229966754131659e+00 1.129179304381904730e-05 2.008228559109681122e+00
3.406990378092065157e+02 6.225240747177125833e+00 1.094684713997564723e-05 2.030491170648940802e+00
3.441231200646042225e+02 6.087251159075548479e+00 1.060007110979601496e-05 2.055395922862834457e+00
3.475816149187786550e+02 5.946783592648860584e+00 1.025039252555076965e-05 2.083425058361682236e+00
3.500000000600077215e+02 5.847600553725421868e+00 1.000548748316580985e-05 2.105026809267334098e+00
