# # r T rho v
1.000000000171451416e-02 1.387473340122204579e+00 9.442498665677263148e+00 4.293785558450929685e+00
1.001512352372548563e-02 1.387816077388830394e+00 9.412086902986773751e+00 4.294659478954374165e+00
1.011577718850750589e-02 1.390100920727516343e+00 9.213325139389445084e+00 4.300434879369374741e+00
1.021744243943822211e-02 1.392414271623297450e+00 9.018803869568914777e+00 4.306197467648098964e+00
1.032012944312744179e-02 1.394754860212390257e+00 8.828430805129650949e+00 4.311947620427541317e+00
1.042384846836111149e-02 1.397121239929231429e+00 8.642115663979677009e+00 4.317685746304615435e+00
1.052860988712818816e-02 1.399507466732494709e+00 8.459768027698618909e+00 4.323413359786596466e+00
1.063442417565784934e-02 1.401898468142124488e+00 8.281295442218590708e+00 4.329134175984521882e+00
1.074130191546712396e-02 1.404289603462242297e+00 8.106612947612958919e+00 4.334849236021828922e+00
1.084925379441906146e-02 1.406676535260598992e+00 7.935637748235448541e+00 4.340559474154982667e+00
1.095829060779151404e-02 1.409054587065076358e+00 7.768288857459801910e+00 4.346265876859412458e+00
1.106842325935668454e-02 1.411418734227923188e+00 7.604487061285802874e+00 4.351969482878111251e+00
1.117966276247151121e-02 1.413763595606633672e+00 7.444154882926732775e+00 4.357671383015519595e+00
1.129202024117899848e-02 1.416083426127878298e+00 7.287216548327652532e+00 4.363372719667535371e+00
1.140550693132065183e-02 1.418372110295672117e+00 7.133597952567249934e+00 4.369074686078020520e+00
1.152013418166005984e-02 1.420623156698535672e+00 6.983226627094485828e+00 4.374778525314741096e+00
1.163591345501777639e-02 1.422844706134382298e+00 6.836037460175592884e+00 4.380481842845735052e+00
1.175285632941762241e-02 1.425110810155062468e+00 6.691990847196723990e+00 4.386166266764076838e+00
1.187097449924448718e-02 1.427428850315109798e+00 6.551021176257371792e+00 4.391830150247392872e+00
1.199027977641379042e-02 1.429799385648812704e+00 6.413061664106285420e+00 4.397473526959945644e+00
1.211078409155266766e-02 1.432223111061660337e+00 6.278047052395405281e+00 4.403096396924027545e+00
1.223249949519305407e-02 1.434700634907662531e+00 6.145913493371940817e+00 4.408698780728710354e+00
1.235543815897674307e-02 1.437232467369355282e+00 6.016598517760407994e+00 4.414280721685620357e+00
1.247961237687256197e-02 1.439819008318828031e+00 5.890041003497160865e+00 4.419842288034524280e+00
1.260503456640578099e-02 1.442460534704637976e+00 5.766181145309341005e+00 4.425383575184454799e+00
1.273171726989986985e-02 1.445157187516878938e+00 5.644960425127931281e+00 4.430904707976072388e+00
1.285967315573074976e-02 1.447908958390260015e+00 5.526321583325334075e+00 4.436405842948483169e+00
1.298891501959363072e-02 1.450715525499009617e+00 5.410208546247408989e+00 4.441887207144157301e+00
1.311945578578260600e-02 1.453564280103710304e+00 5.296562975924197225e+00 4.447351978781341586e+00
1.325130850848307319e-02 1.456443430574791087e+00 5.185328415713416739e+00 4.452803037492945037e+00
1.338448637307718125e-02 1.459349270969588330e+00 5.076452152656226957e+00 4.458241254677143495e+00
1.351900269746237476e-02 1.462277681430198983e+00 4.969882606091644561e+00 4.463667572909127301e+00
1.365487093338318622e-02 1.465224113453390986e+00 4.865569305723306037e+00 4.469083006859975171e+00
1.379210466777643605e-02 1.468183576523667266e+00 4.763462870446025121e+00 4.474488643808062882e+00
1.393071762412992007e-02 1.471150626264103201e+00 4.663514987894527231e+00 4.479885643714387022e+00
1.407072366385478911e-02 1.474119354250251090e+00 4.565678394671208729e+00 4.485275238838861256e+00
1.421213678767168330e-02 1.477083379622182280e+00 4.469906857211343620e+00 4.490658732874986292e+00
1.435497113701083086e-02 1.480035842616280295e+00 4.376155153239486673e+00 4.496037499586658548e+00
1.449924099542619638e-02 1.482968971357380372e+00 4.284378955951130052e+00 4.501413083708816210e+00
1.464496079002384869e-02 1.485859955829279322e+00 4.194531711745281832e+00 4.506790546082810600e+00
1.479214509290467314e-02 1.488693966340885799e+00 4.106570044012927134e+00 4.512172894507541443e+00
1.494080862262161732e-02 1.491549939781801726e+00 4.020471516229635611e+00 4.517540844552218715e+00
1.509096624565154157e-02 1.494481891652056582e+00 3.936207364355404525e+00 4.522881593323623051e+00
1.524263297788187692e-02 1.497490595675988079e+00 3.853737789696282778e+00 4.528195163287387359e+00
1.539582398611223472e-02 1.500576607732758694e+00 3.773023834410640376e+00 4.533481625908955870e+00
1.555055458957110316e-02 1.503740240487210666e+00 3.694027362358421218e+00 4.538741106132301084e+00
1.570684026144776937e-02 1.506981537499558987e+00 3.616711040616314321e+00 4.543973786829548445e+00
1.586469663043964945e-02 1.510300247010904595e+00 3.541038321660330723e+00 4.549179913172948453e+00
1.602413948231520488e-02 1.513695795618450246e+00 3.466973426214090104e+00 4.554359796878943101e+00
1.618518476149248195e-02 1.517165978439644514e+00 3.394481101239445575e+00 4.559514123192451862e+00
1.634784857263360883e-02 1.520690305575867818e+00 3.323523803158410672e+00 4.564647835704414902e+00
1.651214718225525388e-02 1.524258724334548010e+00 3.254066890614408791e+00 4.569763295109273926e+00
1.667809702035528627e-02 1.527865372022480184e+00 3.186077311364906794e+00 4.574861824782560760e+00
1.684571468205582276e-02 1.531503715385592157e+00 3.119522713987540996e+00 4.579944862798577709e+00
1.701501692926269890e-02 1.535166535286285550e+00 3.054371436803361650e+00 4.585013961504078139e+00
1.718602069234173579e-02 1.538845915178078450e+00 2.990592497370688552e+00 4.590070786134484493e+00
1.735874307181173651e-02 1.542533233640291046e+00 2.928155582495664433e+00 4.595117112434804696e+00
1.753320134005458691e-02 1.546219161196225489e+00 2.867031038702362089e+00 4.600154823257557979e+00
1.770941294304248861e-02 1.549893661595175498e+00 2.807189863102336425e+00 4.605185904121463558e+00
1.788739550208259116e-02 1.553545997691803571e+00 2.748603694602058667e+00 4.610212437725655477e+00
1.806716681557911375e-02 1.557162984446557541e+00 2.691244566731602283e+00 4.615237006695504185e+00
1.824874486081321662e-02 1.560766545110073178e+00 2.635089917420094796e+00 4.620253933422450388e+00
1.843214779574073661e-02 1.564473911231894832e+00 2.580129583973528984e+00 4.625235780248154072e+00
1.861739396080800898e-02 1.568289500841063999e+00 2.526338059257544622e+00 4.630181769372536671e+00
1.880450188078590726e-02 1.572212951516521739e+00 2.473689783410937704e+00 4.635092231714261324e+00
1.899349026662235096e-02 1.576243329165048390e+00 2.422159713915338575e+00 4.639967617619746854e+00
1.918437801731342346e-02 1.580379079896441663e+00 2.371723314793355630e+00 4.644808504422120343e+00
1.937718422179325953e-02 1.584617983477713210e+00 2.322356546504580344e+00 4.649615603380359730e+00
1.957192816084298362e-02 1.588957108995518785e+00 2.274035856532866884e+00 4.654389765867482431e+00
1.976862930901878215e-02 1.593392773360362114e+00 2.226738170651767934e+00 4.659131988679204639e+00
1.996730733659940124e-02 1.597920503279936622e+00 2.180440884848531713e+00 4.663843418339102875e+00
2.016798211155315657e-02 1.602531354747075198e+00 2.135121473913543788e+00 4.668526193841814553e+00
2.037067370152477117e-02 1.607197980238449508e+00 2.090756118694681476e+00 4.673186594971507013e+00
2.057540237584216253e-02 1.611906135032717513e+00 2.047323089531520424e+00 4.677827736672040437e+00
2.078218860754335248e-02 1.616644083219052508e+00 2.004801498085440947e+00 4.682452076973453003e+00
2.099105307542385723e-02 1.621399037784042818e+00 1.963170906513852731e+00 4.687062238204084963e+00
2.120201666610449856e-02 1.626157175046039294e+00 1.922411324265279164e+00 4.691660997845456649e+00
2.141510047612016354e-02 1.630903658124079669e+00 1.882503205125340306e+00 4.696251277428670434e+00
2.163032581402941218e-02 1.635725861852909357e+00 1.843436677894668696e+00 4.700812583810701994e+00
2.184771420254540131e-02 1.640746344870970042e+00 1.805204367561547452e+00 4.705317088905486500e+00
2.206728738068812479e-02 1.645971144433335809e+00 1.767788216579063931e+00 4.709764011977737752e+00
2.228906730595838978e-02 1.651403702317729039e+00 1.731170337949562210e+00 4.714153174342730956e+00
2.251307615653353605e-02 1.657043807183500528e+00 1.695332947083038500e+00 4.718485232142435315e+00
2.273933633348529035e-02 1.662877986691369214e+00 1.660257630323022315e+00 4.722763822686412816e+00
2.296787046301990848e-02 1.668901614034238312e+00 1.625927193534804527e+00 4.726990487802667396e+00
2.319870139874077863e-02 1.675111080925193896e+00 1.592324953932937159e+00 4.731166501781187250e+00
2.343185222393384670e-02 1.681501380047576211e+00 1.559434538410878979e+00 4.735293419923444880e+00
2.366734625387590871e-02 1.688066036821200822e+00 1.527239880413449713e+00 4.739373086317413275e+00
2.390520703816621795e-02 1.694797052133375725e+00 1.495725217637225102e+00 4.743407638856140807e+00
2.414545836308141027e-02 1.701684857306904997e+00 1.464875090501594146e+00 4.747399511275191664e+00
2.438812425395419856e-02 1.708722858970745939e+00 1.434674655972336677e+00 4.751350389962946785e+00
2.463322897757588142e-02 1.716115299481795642e+00 1.405123505951816121e+00 4.755214330202169215e+00
2.488079704462308611e-02 1.724005095118301245e+00 1.376216010552159030e+00 4.758960497867390060e+00
2.513085321210881476e-02 1.732419148701263012e+00 1.347938562687358344e+00 4.762584763414013267e+00
2.538342248585820707e-02 1.741384629214300928e+00 1.320277802280429347e+00 4.766083042514182466e+00
2.563853012300910256e-02 1.750927689101992479e+00 1.293220536260601738e+00 4.769451583435995623e+00
2.589620163453781529e-02 1.761073106537085708e+00 1.266753725606639236e+00 4.772687038581578278e+00
2.615646278781022169e-02 1.771844028649506964e+00 1.240864480202168885e+00 4.775786512510033610e+00
2.641933960915853266e-02 1.783261598182178442e+00 1.215540048097236703e+00 4.778747634991388438e+00
2.668485838648395128e-02 1.795470088918148299e+00 1.190774868251042617e+00 4.781540276565944936e+00
2.695304567188547273e-02 1.808962984518819761e+00 1.166581978844423384e+00 4.784056781239461209e+00
2.722392828431513187e-02 1.823903032689717207e+00 1.142954297217305459e+00 4.786266035451838263e+00
2.749753331225989958e-02 1.840415304785859130e+00 1.119882427440559436e+00 4.788145946227837513e+00
2.777388811645058186e-02 1.858626752554726647e+00 1.097356974000847085e+00 4.789674406582069111e+00
2.805302033259789510e-02 1.878724693920313271e+00 1.075371540203765575e+00 4.790816003426035863e+00
2.833495787415605746e-02 1.901722211420396436e+00 1.053960322534543526e+00 4.791349806263018429e+00
2.861972893511418453e-02 1.928227677369748205e+00 1.033133525470350866e+00 4.791150313360157398e+00
2.890736199281567637e-02 1.958669161912936163e+00 1.012890967015962262e+00 4.790134007132768268e+00
2.919788581080599507e-02 1.994478650236106931e+00 9.932789806378929942e-01 4.787989909910731257e+00
2.949132944170905143e-02 2.037565377915257603e+00 9.743610883674886924e-01 4.784302709109020668e+00
2.978772223013246775e-02 2.089896593188220741e+00 9.561984746772407284e-01 4.778643650827389067e+00
3.008709381560207771e-02 2.155555690426795401e+00 9.389434901366384700e-01 4.770098505234756203e+00
3.038947413552590959e-02 2.239981151997744835e+00 9.228021806772744862e-01 4.757428840628021405e+00
3.069489342818794084e-02 2.351234197015577898e+00 9.080938325597699423e-01 4.738755455464249700e+00
3.100338223577195351e-02 2.499427726115990733e+00 8.952364361875604359e-01 4.711632233005268233e+00
3.129623101376395600e-02 2.677729022095618916e+00 8.850686851753348794e-01 4.676987728026705149e+00
3.161076336455700270e-02 2.900216507747220618e+00 8.759350229855152881e-01 4.632179972555649172e+00
3.192845681802889551e-02 3.132939966773997220e+00 8.674759619698760860e-01 4.584732242008053404e+00
3.224934314378971600e-02 3.356798372846671707e+00 8.587824471508164192e-01 4.539441015887927477e+00
3.257345443073947355e-02 3.565537524812464998e+00 8.495178017704941853e-01 4.498079872550003522e+00
3.290082309027693441e-02 3.759125847022183553e+00 8.396450481433422874e-01 4.460854173457022398e+00
3.323148185954086231e-02 3.939796593161762228e+00 8.292502218082076215e-01 4.427333844459149681e+00
3.356546380468374002e-02 4.110038779953458565e+00 8.184433309367551423e-01 4.396968596106792582e+00
3.390280232417839518e-02 4.271761392291095305e+00 8.073119047400142412e-01 4.369328843324267631e+00
3.424353115215790500e-02 4.426399366851180517e+00 7.959235956238505105e-01 4.344090046553191975e+00
3.458768436178900202e-02 4.575018055804095596e+00 7.843296220597965052e-01 4.321014181387255348e+00
3.493529636867943877e-02 4.718500071422653264e+00 7.725737241998500426e-01 4.299901292184975077e+00
3.528640193431958200e-02 4.857788247634903911e+00 7.607050983043479597e-01 4.280516770614219091e+00
3.564103616955860421e-02 4.993237928953582205e+00 7.487411793904179547e-01 4.262799645879593591e+00
3.599923453811553625e-02 5.125217836074031474e+00 7.367011642758084511e-01 4.246678606819569879e+00
3.636103286012574293e-02 5.254029480376536831e+00 7.246014777472024049e-01 4.232097315085965761e+00
3.672646731572292572e-02 5.379939565559602954e+00 7.124570655396776919e-01 4.219007267774362191e+00
3.709557444865717313e-02 5.503284919234223693e+00 7.002877101151184780e-01 4.207329999702943191e+00
3.746839116994935687e-02 5.624185186406355896e+00 6.881010279607102653e-01 4.197058140332543985e+00
3.784495476158231120e-02 5.743022989314306770e+00 6.759203864503530168e-01 4.188087599692749130e+00
3.822530288022898265e-02 5.860042105432665238e+00 6.637609695681425670e-01 4.180360170975966128e+00
3.860947356101820938e-02 5.975207483787761120e+00 6.516227081072633043e-01 4.173912232824658730e+00
3.899750522133820646e-02 6.088849903561190935e+00 6.395264136700137270e-01 4.168647252960435701e+00
3.938943666467836086e-02 6.200675913841828368e+00 6.274581005940265133e-01 4.164693195626497868e+00
3.978530708450962738e-02 6.311295837217240745e+00 6.154550752776928313e-01 4.161841119773129094e+00
4.018515606820387276e-02 6.420544037443228547e+00 6.035105708733641272e-01 4.160170050142111720e+00
4.058902360099268108e-02 6.528368612954669636e+00 5.916253299256001297e-01 4.159712500048096118e+00
4.099695006996588453e-02 6.635341136491219594e+00 5.798337848651308191e-01 4.160261873096095186e+00
4.140897626811033266e-02 6.741005628174460362e+00 5.681142789800738280e-01 4.162004933483133939e+00
4.182514339838918488e-02 6.845690384052376842e+00 5.564886207387852446e-01 4.164818863879046873e+00
4.224549307786227420e-02 6.949940767922206497e+00 5.449882135302526187e-01 4.168496166890540700e+00
4.267006734184785460e-02 7.053275976220671595e+00 5.335903792388724254e-01 4.173233031290146222e+00
4.309890864812611355e-02 7.155869786090892859e+00 5.223077844154510041e-01 4.178960234083763936e+00
4.353205988118506731e-02 7.258209604268156312e+00 5.111674132880141830e-01 4.185484013850595097e+00
4.396956435650897776e-02 7.359786800964833731e+00 5.001461358080535602e-01 4.193011370097762480e+00
4.441146582490996392e-02 7.460507721599128672e+00 4.892433592681517673e-01 4.201575081160924263e+00
4.485780847690312018e-02 7.561468138761028968e+00 4.785137947617489340e-01 4.210723423740949656e+00
4.530863694712559259e-02 7.662311048867912255e+00 4.679405628971889941e-01 4.220603898460390191e+00
4.576399631880010560e-02 7.762508861743480537e+00 4.575012332694446959e-01 4.231429701383619957e+00
4.622393212824328634e-02 7.863127762682657895e+00 4.472455740844984429e-01 4.242750156129399208e+00
4.668849036941936925e-02 7.964450021253593803e+00 4.371838429176277407e-01 4.254450908007575194e+00
4.715771749853959333e-02 8.065960672058887226e+00 4.272920316352238901e-01 4.266747438188875918e+00
4.763166043870790262e-02 8.167601608865368235e+00 4.175675783181391210e-01 4.279658051011425712e+00
4.811036658461326915e-02 8.270796905086166717e+00 4.080664388820344213e-01 4.292586674486017273e+00
4.859388380726919338e-02 8.375357940368179044e+00 3.987750722007268878e-01 4.305623582268632177e+00
4.908226045880089566e-02 8.480810445453602853e+00 3.896704213440969622e-01 4.318975402743713055e+00
4.957554537728048327e-02 8.587825648408340840e+00 3.807742856380389451e-01 4.332361323972552469e+00
5.007378789161089083e-02 8.697378944211214602e+00 3.721157774676716046e-01 4.345385474585355290e+00
5.057703782645876084e-02 8.809180577344841723e+00 3.636756567945478302e-01 4.358191115705640328e+00
5.108534550723695111e-02 8.922989542101005256e+00 3.554381450960708566e-01 4.370897069949022828e+00
5.159876176513712026e-02 9.040199425516645348e+00 3.474437723281352808e-01 4.382926542001627901e+00
5.211733794221292543e-02 9.161200925920086391e+00 3.396945624965477806e-01 4.394143532291977294e+00
5.264112589651420010e-02 9.285909034043919874e+00 3.321765918364502634e-01 4.404614655076363405e+00
5.317017800727289606e-02 9.414827166680840520e+00 3.248957624808955780e-01 4.414149192696383395e+00
5.370454718014092133e-02 9.548906000476893752e+00 3.178707604318456448e-01 4.422364999581216871e+00
5.424428685248091492e-02 9.688511173065455395e+00 3.111004060502679525e-01 4.429132753087897001e+00
5.478945099870987517e-02 9.834043937581775197e+00 3.045847335145177026e-01 4.434301861867353978e+00
5.534009413569674490e-02 9.985875265314517080e+00 2.983231685278382450e-01 4.437726297643401985e+00
5.589627132821406441e-02 1.014498077346687666e+01 2.923338406085667085e-01 4.438973110343187756e+00
5.645803819444460137e-02 1.031198603565384353e+01 2.866240607575183397e-01 4.437752448280371631e+00
5.702545091154309631e-02 1.048566634954990562e+01 2.811472899326113994e-01 4.434615040857294410e+00
5.759856622125412995e-02 1.066805124267320259e+01 2.759580776762863841e-01 4.428542598988163270e+00
5.817744143558623016e-02 1.085843091015773609e+01 2.710278069721210881e-01 4.419816073249712041e+00
5.876213444254325957e-02 1.105477445146432558e+01 2.662910032144391592e-01 4.409361080934774968e+00
5.935270371191316008e-02 1.126205695620450342e+01 2.619044225965765915e-01 4.394438961817877853e+00
5.964562901925027361e-02 1.136659378010646648e+01 2.598249333567264618e-01 4.386207899434861446e+00
5.994000001027677965e-02 1.147111937096342871e+01 2.577438725618161341e-01 4.378299399621035093e+00
6.006000001029732083e-02 1.151412665432896176e+01 2.569166098003738408e-01 4.374862872088261412e+00
6.049866858748170761e-02 1.167020161731289818e+01 2.538918885670444769e-01 4.363016173953257137e+00
6.091524761368487945e-02 1.182260378822493685e+01 2.512164101442592723e-01 4.349378968871126183e+00
6.152745603017586995e-02 1.205085151924154729e+01 2.475326086106951207e-01 4.326701629299409824e+00
6.214581724354292791e-02 1.228172627427089658e+01 2.439429255971193311e-01 4.303435004935789898e+00
6.277039309042269088e-02 1.251705506291847314e+01 2.405248585216072099e-01 4.278165869398577570e+00
6.340124602892033279e-02 1.275558762654678269e+01 2.372391402735993526e-01 4.251531051622666979e+00
6.403843914485542188e-02 1.299651728783965510e+01 2.340615619264531100e-01 4.223920235932324019e+00
6.468203615807051332e-02 1.323988491279122748e+01 2.310051344696993636e-01 4.195061042996892198e+00
6.533210142880332971e-02 1.348482262960001599e+01 2.280382953480840913e-01 4.165491399348350221e+00
6.598869996412259908e-02 1.373128326398331644e+01 2.251710615910778035e-01 4.135000467433035176e+00
6.665189742442904908e-02 1.397880858915456770e+01 2.223894606727708223e-01 4.103817575258005945e+00
6.732176013002137693e-02 1.422707082123683087e+01 2.196851273688836259e-01 4.072074385664662621e+00
6.799835506772836102e-02 1.447592585626812323e+01 2.170645213657860784e-01 4.039630331857669177e+00
6.868174989760761351e-02 1.472501160000637555e+01 2.145129259447496051e-01 4.006739551775434727e+00
6.937201295971158477e-02 1.497414038812966552e+01 2.120330209972385860e-01 3.973335056436327672e+00
7.006921328092174939e-02 1.522307952020294231e+01 2.096221244388108695e-01 3.939450813644328253e+00
7.077342058185120965e-02 1.547160257492090452e+01 2.072704129416678975e-01 3.905256808477813202e+00
7.148470528381688227e-02 1.571952110999469454e+01 2.049792696048335083e-01 3.870713970214796351e+00
7.220313851588174014e-02 1.596666195547730460e+01 2.027430676264467546e-01 3.835916264481996407e+00
7.292879212196766436e-02 1.621289820227761425e+01 2.005551951161701207e-01 3.800977735206002794e+00
7.366173866803998882e-02 1.645811470787706554e+01 1.984127185915868508e-01 3.765943886129885065e+00
7.440205144936409831e-02 1.670223395146611622e+01 1.963113595161617431e-01 3.730886454753467252e+00
7.514980449783505156e-02 1.694521096221200906e+01 1.942468967516305933e-01 3.695876781991740412e+00
7.590507258938085366e-02 1.718706414842589325e+01 1.922136212041579972e-01 3.661015121746504786e+00
7.666793125144001630e-02 1.742780091493576222e+01 1.902086569289938300e-01 3.626348302431021242e+00
7.743845677051448828e-02 1.766742435176602299e+01 1.882302994340243063e-01 3.591901106549578948e+00
7.821672619979826158e-02 1.790607465671081044e+01 1.862723886050793309e-01 3.557783616296133378e+00
7.900281736688283263e-02 1.814389085618235598e+01 1.843307470621134425e-01 3.524068500791972536e+00
7.979680888154001839e-02 1.838090593852535548e+01 1.824056340595287817e-01 3.490743891583667047e+00
8.059878014358290432e-02 1.861719340012669122e+01 1.804960710095737386e-01 3.457821679211838362e+00
8.140881135080600683e-02 1.885297391176513671e+01 1.785975480671818383e-01 3.425381625047570378e+00
8.222698350700510805e-02 1.908831083029932074e+01 1.767103994243192089e-01 3.393410956687049396e+00
8.305337843007763732e-02 1.932323945760386863e+01 1.748354787996986293e-01 3.361886981630626270e+00
8.388807876020452914e-02 1.955791533807866145e+01 1.729709502707846569e-01 3.330838805151578708e+00
8.473116796811440421e-02 1.979255198679807393e+01 1.711142279388711551e-01 3.300310303669804490e+00
8.558273036343065632e-02 2.002718633490713529e+01 1.692665028757527057e-01 3.270272829896130773e+00
8.644285110310243048e-02 2.026184963496969615e+01 1.674288247049674772e-01 3.240700450212506301e+00
8.731161619992043599e-02 2.049671533543768120e+01 1.655997137017767573e-01 3.211616251300847047e+00
8.818911253111838544e-02 2.073194304216917772e+01 1.637781745864882177e-01 3.183034255761464593e+00
8.907542784706060091e-02 2.096755864084820686e+01 1.619653815433715616e-01 3.154926534745048805e+00
8.997065078001728611e-02 2.120358480164704318e+01 1.601623561754606240e-01 3.127268068186035865e+00
9.087487085302778378e-02 2.144009247921300343e+01 1.583693023877969508e-01 3.100049769554931167e+00
9.178817848885288677e-02 2.167715129047557454e+01 1.565864085126763838e-01 3.073262927195168359e+00
9.271066501901727153e-02 2.191477778721948155e+01 1.548144895566768986e-01 3.046886562403544829e+00
9.364242269294270615e-02 2.215298653047433675e+01 1.530542575547433337e-01 3.020901647285372249e+00
9.458354468717306007e-02 2.239179993750099840e+01 1.513062256128365202e-01 2.995293014015221633e+00
9.553412511469200341e-02 2.263124858907480075e+01 1.495707378987030378e-01 2.970048802427046830e+00
9.649425903433445084e-02 2.287134324342084568e+01 1.478482909004442680e-01 2.945154101010061698e+00
9.746404246029248541e-02 2.311209299316991661e+01 1.461393207755158630e-01 2.920595138340614572e+00
9.844357237171685870e-02 2.335349832197420028e+01 1.444442780791364012e-01 2.896357793138752079e+00
9.943294672241498322e-02 2.359552212376486224e+01 1.427638927354954179e-01 2.872422247987082233e+00
1.004322644506464024e-01 2.383816183933399557e+01 1.410984737366609010e-01 2.848777020842949703e+00
1.014416254890167374e-01 2.408142330298352007e+01 1.394482028943924423e-01 2.825413150036117926e+00
1.024611307744709293e-01 2.432531178689935558e+01 1.378132290838582352e-01 2.802322317615113079e+00
1.034908822583871374e-01 2.456978751864539134e+01 1.361940321668785592e-01 2.779489429921679022e+00
1.045309829167718751e-01 2.481480873811376853e+01 1.345910310834901868e-01 2.756900516606929141e+00
1.055815367605577176e-01 2.506037920025828214e+01 1.330042299329287081e-01 2.734550022862642038e+00
1.066426488460045230e-01 2.530650302256892914e+01 1.314336117399869108e-01 2.712432837392161566e+00
1.077144252852051259e-01 2.555318100831933492e+01 1.298791672223567339e-01 2.690543703057745706e+00
1.087969732566965442e-01 2.580038451932171029e+01 1.283410727718667654e-01 2.668873511247690899e+00
1.098904010161780853e-01 2.604810735427656709e+01 1.268193158781270868e-01 2.647417045278285919e+00
1.109948179073368818e-01 2.629635278750111382e+01 1.253138056052709171e-01 2.626170738819470163e+00
1.121103343727824081e-01 2.654512387213374680e+01 1.238244445095382229e-01 2.605131193768389419e+00
1.132370619650907850e-01 2.679442842096907285e+01 1.223510991711095897e-01 2.584295804838639743e+00
1.143751133579602175e-01 2.704429299696716171e+01 1.208935226928547629e-01 2.563664417687871122e+00
1.155246023574783704e-01 2.729472354647939625e+01 1.194515969655406129e-01 2.543234218936500035e+00
1.166856439135030565e-01 2.754572196936966222e+01 1.180252227300332829e-01 2.523002031942431778e+00
1.178583541311574862e-01 2.779728998774566406e+01 1.166142960035280868e-01 2.502964814361961832e+00
1.190428502824406598e-01 2.804944835014149973e+01 1.152186075734700083e-01 2.483121825871576593e+00
1.202392508179547514e-01 2.830228642712000209e+01 1.138376037093206672e-01 2.463479852777989532e+00
1.214476753787503693e-01 2.855581737019441491e+01 1.124711551360168260e-01 2.444036653706658235e+00
1.226682448082905830e-01 2.881004117590578417e+01 1.111191961637446463e-01 2.424788645575171930e+00
1.239010811645354926e-01 2.906495770136332624e+01 1.097816549138494607e-01 2.405732403244719819e+00
1.251463077321481321e-01 2.932056271065675546e+01 1.084584721153058762e-01 2.386864248031278279e+00
1.264040490348228851e-01 2.957682396984991513e+01 1.071497060608055246e-01 2.368177921418492815e+00
1.276744308477382184e-01 2.983373233470797459e+01 1.058552945726529693e-01 2.349669811850316758e+00
1.289575802101340374e-01 3.009128741573574572e+01 1.045751307356974635e-01 2.331337322567430093e+00
1.302536254380158576e-01 3.034948872836656619e+01 1.033091050251227633e-01 2.313177949473364858e+00
1.315626961369865122e-01 3.060833394434862953e+01 1.020571126917948490e-01 2.295189116143262265e+00
1.328849232152068405e-01 3.086772844774344549e+01 1.008194079508506341e-01 2.277360170686316465e+00
1.342204388964864659e-01 3.112759980377341407e+01 9.959612024088305982e-02 2.259683181256396445e+00
1.355693767335065247e-01 3.138794869440587476e+01 9.838707861366613461e-02 2.242156997994808609e+00
1.369318716211748166e-01 3.164877566361009187e+01 9.719211460284592208e-02 2.224780470728046300e+00
1.383080598101154579e-01 3.191008111983835249e+01 9.601106217188867809e-02 2.207552449315769660e+00
1.396980789202942330e-01 3.217178843057797621e+01 9.484402399893500368e-02 2.190465632829920128e+00
1.411020679547804746e-01 3.243356851678016284e+01 9.369193028879775620e-02 2.173493467488138542e+00
1.425201673136476666e-01 3.269538432236834780e+01 9.255464211495771643e-02 2.156633913789247625e+00
1.439525188080134077e-01 3.295724114928648163e+01 9.143188025383941486e-02 2.139888257779732239e+00
1.453992656742207901e-01 3.321914397092253068e+01 9.032337616850044659e-02 2.123257634588907816e+00
1.468605525881620799e-01 3.348109744149218159e+01 8.922887135769916322e-02 2.106743038853932770e+00
1.483365256797463394e-01 3.374282282568336200e+01 8.814896547115375069e-02 2.090325208091507125e+00
1.498273325475127926e-01 3.400383485561989261e+01 8.708478844708533728e-02 2.073971990571788382e+00
1.513331222733905190e-01 3.426413884339673643e+01 8.603594283433127488e-02 2.057687294839148251e+00
1.528540454376068891e-01 3.452374991210889021e+01 8.500202066761364250e-02 2.041475436930403564e+00
1.543902541337458800e-01 3.478268190824775985e+01 8.398263593157909157e-02 2.025340361575495685e+00
1.559419019839571874e-01 3.504094878197013685e+01 8.297741940147752848e-02 2.009285755142860452e+00
1.575091441543189086e-01 3.529822665717757957e+01 8.198690125985400035e-02 1.993293577761517499e+00
1.590921373703541308e-01 3.555383445777090401e+01 8.101245736918322171e-02 1.977324940487637850e+00
1.606910399327036165e-01 3.580778702553845960e+01 8.005358149782940136e-02 1.961386555476274385e+00
1.623060117329560015e-01 3.606011678687455202e+01 7.910974869148014454e-02 1.945485803400021529e+00
1.639372142696371437e-01 3.631085428085795286e+01 7.818046509698202418e-02 1.929629506990588883e+00
1.655848106643600381e-01 3.656002827442127057e+01 7.726526557826995933e-02 1.913823971103405519e+00
1.672489656781372125e-01 3.680762650858629570e+01 7.636380201598148842e-02 1.898072770939597920e+00
1.689298457278567700e-01 3.705291097650300713e+01 7.547737101769162738e-02 1.882338597977638806e+00
1.706276189029244938e-01 3.729565983655120931e+01 7.460600360751891424e-02 1.866615405423065699e+00
1.723424549820725959e-01 3.753592365085906124e+01 7.374912271980924028e-02 1.850912440855991825e+00
1.740745254503381911e-01 3.777374999525937938e+01 7.290618787191430195e-02 1.835238253581559231e+00
1.758240035162113302e-01 3.800918366664520676e+01 7.207669220889138806e-02 1.819600746386388357e+00
1.775910641289566438e-01 3.824226687244544820e+01 7.126015983144445842e-02 1.804007222960665402e+00
1.793758839961078488e-01 3.847303328624962404e+01 7.045615559551111906e-02 1.788464121216886804e+00
1.811786416011390843e-01 3.870112141856840537e+01 6.966503809457065544e-02 1.772957829903986315e+00
1.829995172213131072e-01 3.892625753156910662e+01 6.888695402441034898e-02 1.757480088219298242e+00
1.848386929457094263e-01 3.914849702965063472e+01 6.812140553534369591e-02 1.742039128131741776e+00
1.866963526934330153e-01 3.936789097075495647e+01 6.736792803191979373e-02 1.726642496182404507e+00
1.885726822320067941e-01 3.958448811236701204e+01 6.662608418133371402e-02 1.711297189627003501e+00
1.904678691959482140e-01 3.979833531156038617e+01 6.589546145457864101e-02 1.696009705017316849e+00
1.923821031055329422e-01 4.000947692434594671e+01 6.517567161901262340e-02 1.680786038371977487e+00
1.943155753857471746e-01 4.021795497677473463e+01 6.446634890153410402e-02 1.665631720855658582e+00
1.962684793854302112e-01 4.042369484817817238e+01 6.376734167137318443e-02 1.650546846847185778e+00
1.982410103966093518e-01 4.062648983282001325e+01 6.307871814876415961e-02 1.635525873414696907e+00
2.002333656740295786e-01 4.082638062077554508e+01 6.240012895140350374e-02 1.620574128385702251e+00
2.022457444548789174e-01 4.102341280972752458e+01 6.173123292392967976e-02 1.605696822276889479e+00
2.042783479787124434e-01 4.121762978958638257e+01 6.107170814087366922e-02 1.590898755462035963e+00
2.063313795075763235e-01 4.140907289470997910e+01 6.042125051044341250e-02 1.576184346765937550e+00
2.084050443463343338e-01 4.159778154458706467e+01 5.977957249985849791e-02 1.561557659845374868e+00
2.104995498631984652e-01 4.178379337406598637e+01 5.914640197003852295e-02 1.547022427552696922e+00
2.126151055104657517e-01 4.196714435408978972e+01 5.852148110883159671e-02 1.532582074457987664e+00
2.147519228454639606e-01 4.214786890379445339e+01 5.790456545318705545e-02 1.518239737688160229e+00
2.169102155517072250e-01 4.232623638535225297e+01 5.729508562353500395e-02 1.504007142154585752e+00
2.190901994602647840e-01 4.250250918689262392e+01 5.669251595657179288e-02 1.489894959196972568e+00
2.212920925713441900e-01 4.267670392160841430e+01 5.609670058838656104e-02 1.475904217591215595e+00
2.235161150760913706e-01 4.284883633989108631e+01 5.550749058784493900e-02 1.462035804935240435e+00
2.257624893786102371e-01 4.301892157947493445e+01 5.492474327319520760e-02 1.448290484192024774e+00
2.280314401182029771e-01 4.318697420513370133e+01 5.434832185792680403e-02 1.434668901730989932e+00
2.303231941918343906e-01 4.335300777589264243e+01 5.377809573228039403e-02 1.421171578692859816e+00
2.326379807768216290e-01 4.351703454816788508e+01 5.321394052682775627e-02 1.407798908122876780e+00
2.349760313537521683e-01 4.367906765094205213e+01 5.265573505366502594e-02 1.394551234831499897e+00
2.373375797296320699e-01 4.383911982208682190e+01 5.210336278760165085e-02 1.381428815452042658e+00
2.397228620612669170e-01 4.399720339275932446e+01 5.155671167666722038e-02 1.368431822617027338e+00
2.421321168788776457e-01 4.415332976381649388e+01 5.101567456214733259e-02 1.355560332998645201e+00
2.445655851099536870e-01 4.430785263082444914e+01 5.047974243025687285e-02 1.342825146404740488e+00
2.470235101033460556e-01 4.446092343729915797e+01 4.994867303306622236e-02 1.330230040105208733e+00
2.495061376536023556e-01 4.461254103749602251e+01 4.942241238793849273e-02 1.317773823127270427e+00
2.520137160255465081e-01 4.476270429342726942e+01 4.890090768077730993e-02 1.305455301952944680e+00
2.545464959791052806e-01 4.491141208261085183e+01 4.838410722492304805e-02 1.293273281321821511e+00
2.571047307943848392e-01 4.505866330558855992e+01 4.787196042211420977e-02 1.281226564982407945e+00
2.596886762969984330e-01 4.520445689321556415e+01 4.736441772538903250e-02 1.269313956395191845e+00
2.622985908836497071e-01 4.534879181372347290e+01 4.686143060381622177e-02 1.257534259390174602e+00
2.649347355479721999e-01 4.549166707956025135e+01 4.636295150894612777e-02 1.245886278781614287e+00
2.675973739066292434e-01 4.563308175400767652e+01 4.586893384288711489e-02 1.234368820942348899e+00
2.702867722256754868e-01 4.577303495757886509e+01 4.537933192790747500e-02 1.222980694340222829e+00
2.730031994471839307e-01 4.591152587419774278e+01 4.489410097748269129e-02 1.211720710038603821e+00
2.757469272161406360e-01 4.604855375716127242e+01 4.441319706869934630e-02 1.200587682163236414e+00
2.785182299076087720e-01 4.618411793488697725e+01 4.393657711594498028e-02 1.189580428337208007e+00
2.813173846541670020e-01 4.631846303258166131e+01 4.346396222315855595e-02 1.178704187047815211e+00
2.841446713736225371e-01 4.645187575188604256e+01 4.299505040618764595e-02 1.167964892734744575e+00
2.870003727970034668e-01 4.658434587391111847e+01 4.252983553742688966e-02 1.157360505743637580e+00
2.898847744968319207e-01 4.671586116328790439e+01 4.206831277238640143e-02 1.146888974509943759e+00
2.927981649156814470e-01 4.684641033751196204e+01 4.161047573742971545e-02 1.136548311496228258e+00
2.957408353950218283e-01 4.697598234232433612e+01 4.115631727430445197e-02 1.126336572656991164e+00
2.987130802043532762e-01 4.710456635314184837e+01 4.070582947886346170e-02 1.116251856057472125e+00
3.017151965706335037e-01 4.723215177635171358e+01 4.025900373824919942e-02 1.106292300546245055e+00
3.047474847080010041e-01 4.735872825047539436e+01 3.981583076660055731e-02 1.096456084479144888e+00
3.078102478477963144e-01 4.748428564720703804e+01 3.937630063933589969e-02 1.086741424492265073e+00
3.109037922688858702e-01 4.760881407233060969e+01 3.894040282606363312e-02 1.077146574321892203e+00
3.140284273282896166e-01 4.773230386652041091e+01 3.850812622217253400e-02 1.067669823669266549e+00
3.171844654921174844e-01 4.785474560602841620e+01 3.807945917914774131e-02 1.058309497108290698e+00
3.203722223668158398e-01 4.797613010326283245e+01 3.765438953366290892e-02 1.049063953034210739e+00
3.235920167307285156e-01 4.809644840726060977e+01 3.723290463548894341e-02 1.039931582651627773e+00
3.268441705659752561e-01 4.821569180405755617e+01 3.681499137426564455e-02 1.030910809000070039e+00
3.301290090906496277e-01 4.833385181695885535e+01 3.640063620517732662e-02 1.022000086015528941e+00
3.334468607913415039e-01 4.845106923122988007e+01 3.598971235320454903e-02 1.013201073794074203e+00
3.367980574559858442e-01 4.856763358346747594e+01 3.558198984373033003e-02 1.004518399340865287e+00
3.401829342070416540e-01 4.868353660864269017e+01 3.517747134131832959e-02 9.959501922864468781e-01
3.436018295350050655e-01 4.879876217945604111e+01 3.477616448500707447e-02 9.874944574629770377e-01
3.470550853322577067e-01 4.891329443455975934e+01 3.437807567919750479e-02 9.791492489244935093e-01
3.505430469272570737e-01 4.902711750072732144e+01 3.398321033569973865e-02 9.709126627657025388e-01
3.540660631190693519e-01 4.914021472935517210e+01 3.359157343082352226e-02 9.627828208225720497e-01
3.576244862122496260e-01 4.925257092254175717e+01 3.320316796969094431e-02 9.547579142726387857e-01
3.612186720520725314e-01 4.936417137422832724e+01 3.281799574214779719e-02 9.468361820192813250e-01
3.648489800601171784e-01 4.947500165305898889e+01 3.243605751949183574e-02 9.390159048886534965e-01
3.685157732702096789e-01 4.958504760354671248e+01 3.205735309320154741e-02 9.312954043406657112e-01
3.722194183647266064e-01 4.969429534704275397e+01 3.168188131259971896e-02 9.236730412230851339e-01
3.759602857112639418e-01 4.980273128251969439e+01 3.130964012146702363e-02 9.161472145672275857e-01
3.797387493996737806e-01 4.991034208717796616e+01 3.094062659361903125e-02 9.087163604238551740e-01
3.835551872794735195e-01 5.001711471688496147e+01 3.057483696746125454e-02 9.013789507379157406e-01
3.874099809976315201e-01 5.012303640645471603e+01 3.021226667953953726e-02 8.941334922607602209e-01
3.913035160367321352e-01 5.022809466977766135e+01 2.985291039709938102e-02 8.869785254986326528e-01
3.952361817535237076e-01 5.033227729980776388e+01 2.949676204967458318e-02 8.799126236961047898e-01
3.992083714178552567e-01 5.043557236841437685e+01 2.914381485971877933e-02 8.729343918533614133e-01
4.032204822520033538e-01 5.053796822610653550e+01 2.879406137230108506e-02 8.660424657760883438e-01
4.072729154703947918e-01 5.063945458940773392e+01 2.844749285952949056e-02 8.592355300150134045e-01
4.113660763197284909e-01 5.074024725809708514e+01 2.810397363199831564e-02 8.525161308937374560e-01
4.155003741195004152e-01 5.084044370719996664e+01 2.776344162126287429e-02 8.458846492591813870e-01
4.196762223029357752e-01 5.094002683188598724e+01 2.742590024919429673e-02 8.393395025933250153e-01
4.238940384583327337e-01 5.103897980663786882e+01 2.709135186622116387e-02 8.328791469535986591e-01
4.281542443708217238e-01 5.113728461323984220e+01 2.675979856644459046e-02 8.265020517899070995e-01
4.324572660645442657e-01 5.123492444457269102e+01 2.643124090762173292e-02 8.202067391076812708e-01
4.368035338452554428e-01 5.133188340998776766e+01 2.610567814256836358e-02 8.139917766527210441e-01
4.411934823433552588e-01 5.142814590997883073e+01 2.578310859650794276e-02 8.078557663781900100e-01
4.456275505573519813e-01 5.152369663759986906e+01 2.546352970059530610e-02 8.017973434422753787e-01
4.501061818977618589e-01 5.161852057967517737e+01 2.514693802469276929e-02 7.958151752360056452e-01
4.546298242314513738e-01 5.171260301781295965e+01 2.483332930939606206e-02 7.899079604403910215e-01
4.591989299264234159e-01 5.180592952923060324e+01 2.452269849730909917e-02 7.840744281120739512e-01
4.638139558970550969e-01 5.189848598740292829e+01 2.421503976356911836e-02 7.783133367966476035e-01
4.684753636497895335e-01 5.199025856254122857e+01 2.391034654562297634e-02 7.726234736688963878e-01
4.731836193292863202e-01 5.208123372191219147e+01 2.360861157225826665e-02 7.670036536991774456e-01
4.779391937650369626e-01 5.217139823000512422e+01 2.330982689189326634e-02 7.614527188451903905e-01
4.827425625184481595e-01 5.226073914855543023e+01 2.301398390013105824e-02 7.559695372684189785e-01
4.875942059303980392e-01 5.234924383643205203e+01 2.272107336658361204e-02 7.505530025745315026e-01
4.924946091692707917e-01 5.243689994939614252e+01 2.243108546097373132e-02 7.452020330770317003e-01
4.974442622794740254e-01 5.252369543973801314e+01 2.214400977852145486e-02 7.399155710835177979e-01
5.024436602304435118e-01 5.260961855579892443e+01 2.185983536462493201e-02 7.346925822038449239e-01
5.074933029661403694e-01 5.269465784138407827e+01 2.157855073884416136e-02 7.295320546795832639e-01
5.125936954550464053e-01 5.277880091297195975e+01 2.130014441447649481e-02 7.244329818553321143e-01
5.177453477406607218e-01 5.286203569176792172e+01 2.102460438397450032e-02 7.193943794188496499e-01
5.229487749925050277e-01 5.294435169949863251e+01 2.075191763530227773e-02 7.144153022216064297e-01
5.282044975576407619e-01 5.302575609136968637e+01 2.048206397493784747e-02 7.094950589613177039e-01
5.335130410127041367e-01 5.310639446104065797e+01 2.021497049345042860e-02 7.046348068450204449e-01
5.388749362164644285e-01 5.318629638910775270e+01 1.995061192128465971e-02 6.998340895134728123e-01
5.442907193629102913e-01 5.326544746420709231e+01 1.968897990642940604e-02 6.950918700635299041e-01
5.497609320348696427e-01 5.334383358949484233e+01 1.943006546245303751e-02 6.904071355180577685e-01
5.552861212581680084e-01 5.342144098325932333e+01 1.917385899434265184e-02 6.857788961521787963e-01
5.608668395563322084e-01 5.349825617936718913e+01 1.892035032372826539e-02 6.812061848387881424e-01
5.665036450058426043e-01 5.357426602755164424e+01 1.866952871349339751e-02 6.766880564128489040e-01
5.721971012919414568e-01 5.364945769354997651e+01 1.842138289177356128e-02 6.722235870539940983e-01
5.779477777650021686e-01 5.372381865909768806e+01 1.817590107534558519e-02 6.678118736869722571e-01
5.837562494974641858e-01 5.379733672178576143e+01 1.793307099241256419e-02 6.634520333994363694e-01
5.896230973413408849e-01 5.386999999478769041e+01 1.769287990478740982e-02 6.591432028766840423e-01
5.955489079863061086e-01 5.394179690646257086e+01 1.745531462948170590e-02 6.548845378528568295e-01
6.015342740183623471e-01 5.401271619984034089e+01 1.722036155970545560e-02 6.506752125781820606e-01
6.075797939791005575e-01 5.408274627572856019e+01 1.698800689253913629e-02 6.465144114143138721e-01
6.136860724255548405e-01 5.415187414966289481e+01 1.675823695174442213e-02 6.424013164321615843e-01
6.198537199906587469e-01 5.422008942736621151e+01 1.653103694959670231e-02 6.383351547541160631e-01
6.260833534443078774e-01 5.428738221074151937e+01 1.630639169758059739e-02 6.343151721969955137e-01
6.323755957550394324e-01 5.435374290959912713e+01 1.608428568462132516e-02 6.303406305403241872e-01
6.387310761523278257e-01 5.441916224051809081e+01 1.586470309452188768e-02 6.264108070849327969e-01
6.451504301895092386e-01 5.448363122562734873e+01 1.564762782287138984e-02 6.225249942247182977e-01
6.516342998073367809e-01 5.454714119131007521e+01 1.543304349343518379e-02 6.186824990311621253e-01
6.581833333981752521e-01 5.460968376683562298e+01 1.522093347403536724e-02 6.148826428503043617e-01
6.647981858708416070e-01 5.467125088292164747e+01 1.501128089193302581e-02 6.111247609117660406e-01
6.714795187160954582e-01 5.473183477023030719e+01 1.480406864872198941e-02 6.074082019495048446e-01
6.782280000727890501e-01 5.479142795780110475e+01 1.459927943474365920e-02 6.037323278339979948e-01
6.850443047946817021e-01 5.485002327142372991e+01 1.439689574303472039e-02 6.000965132154721937e-01
6.919291145179260472e-01 5.490761383195339107e+01 1.419689988281717767e-02 5.965001451779066155e-01
6.988831177292316177e-01 5.496419305357103013e+01 1.399927399254186945e-02 5.929426229034749918e-01
7.059070098347145494e-01 5.501975464199127686e+01 1.380400005249528099e-02 5.894233573471509002e-01
7.130014932294389540e-01 5.507429258698149255e+01 1.361105989838303811e-02 5.859417708607970177e-01
7.201672773676562889e-01 5.512779887624006392e+01 1.342043578999455034e-02 5.824972727132053940e-01
7.274050788337517170e-01 5.518026587551463535e+01 1.323210979877001252e-02 5.790892850875407616e-01
7.347156214139031194e-01 5.523168847245433710e+01 1.304606331952967886e-02 5.757172649140431808e-01
7.420996361684614184e-01 5.528206183643733596e+01 1.286227764852826590e-02 5.723806793585839436e-01
7.495578615050547677e-01 5.533138141650776731e+01 1.268073399358747230e-02 5.690790055537152670e-01
7.570910432524321498e-01 5.537964293927229420e+01 1.250141348386579060e-02 5.658117303379283092e-01
7.646999347350462717e-01 5.542684240675941254e+01 1.232429717927569293e-02 5.625783500028693762e-01
7.723852968483858605e-01 5.547297609424099107e+01 1.214936607955793661e-02 5.593783700482835020e-01
7.801478981350667974e-01 5.551807319901968896e+01 1.197659407816568412e-02 5.562116325827780594e-01
7.879885148616868618e-01 5.556218225815946710e+01 1.180595153733595207e-02 5.530781633180752443e-01
7.959079310964523035e-01 5.560529821353878077e+01 1.163742082157403351e-02 5.499774452411848591e-01
8.039069387875862338e-01 5.564741519492599053e+01 1.147098441924804951e-02 5.469089605945756105e-01
8.119863378425234979e-01 5.568852763862545174e+01 1.130662470693640648e-02 5.438722019624360193e-01
8.201469362079026881e-01 5.572863028527192597e+01 1.114432396025334671e-02 5.408666719992962779e-01
8.283895499503606263e-01 5.576771817755971483e+01 1.098406436430149347e-02 5.378918831666580358e-01
8.367150033381404173e-01 5.580578665791041004e+01 1.082582802376017526e-02 5.349473574774142870e-01
8.451241289235189580e-01 5.584282426931720522e+01 1.066959832953758881e-02 5.320325585859416728e-01
8.536177676260623404e-01 5.587881761907222256e+01 1.051535892236197048e-02 5.291469410726563627e-01
8.621967688167189170e-01 5.591376297243523652e+01 1.036309153396988182e-02 5.262900594928412445e-01
8.708619904027568026e-01 5.594765700642528117e+01 1.021277783735744134e-02 5.234614780149527968e-01
8.796142989135554702e-01 5.598049668394182277e+01 1.006439947894855434e-02 5.206607690179925196e-01
8.884545695872601012e-01 5.601227925110072192e+01 9.917938086420665170e-03 5.178875128830221497e-01
8.973836864583046857e-01 5.604300223452207064e+01 9.773375276232582759e-03 5.151412977909145541e-01
9.064025424458174163e-01 5.607266343857108382e+01 9.630692660861814650e-03 5.124217195262078528e-01
9.155120394429125952e-01 5.610126094255448237e+01 9.489871855760521890e-03 5.097283812868399488e-01
9.247130884068812673e-01 5.612879309787272319e+01 9.350894486037330394e-03 5.070608934996398975e-01
9.340066094502874616e-01 5.615525852512949001e+01 9.213742192873547454e-03 5.044188736413725005e-01
9.433935319329801450e-01 5.618065611120013614e+01 9.078396639681123037e-03 5.018019460652041186e-01
9.528747945550301024e-01 5.620498500625971872e+01 8.944839518010191601e-03 4.992097418324179525e-01
9.624513454506004040e-01 5.622824462077158358e+01 8.813052553213743950e-03 4.966418985492256910e-01
9.721241422827613388e-01 5.625043462243815640e+01 8.683017509876531093e-03 4.940980602085360274e-01
9.818941523392565873e-01 5.627155515795880802e+01 8.554716162743268917e-03 4.915778790059120440e-01
9.917623526292337344e-01 5.629161178712478630e+01 8.428129567210979056e-03 4.890810579099133526e-01
1.001729729980945116e+00 5.631060683194061767e+01 8.303239407944078276e-03 4.866072739747060449e-01
1.011797281140432103e+00 5.632854087455523029e+01 8.180027733653619931e-03 4.841561925568282909e-01
1.021966012871200480e+00 5.634541473861267491e+01 8.058476652878817162e-03 4.817274847428354989e-01
1.032236942054897133e+00 5.636122948599852833e+01 7.938568338246902722e-03 4.793208272162764461e-01
1.042611095792999487e+00 5.637598641355491935e+01 7.820285030541917690e-03 4.769359021287492006e-01
1.053089511509526677e+00 5.638968704976502266e+01 7.703609042589145903e-03 4.745723969748744109e-01
1.063673237054782339e+00 5.640233315140790182e+01 7.588522762960272540e-03 4.722300044711254530e-01
1.074363330810140793e+00 5.641392670018404232e+01 7.475008659506040057e-03 4.699084224383395791e-01
1.085160861793886156e+00 5.642446989931340795e+01 7.363049282721283000e-03 4.676073536878472825e-01
1.096066909768114384e+00 5.643396517010543789e+01 7.252627268948340367e-03 4.653265059110798241e-01
1.107082565346711567e+00 5.644241514850289576e+01 7.143725343423700143e-03 4.630655915725835348e-01
1.118208930104415577e+00 5.644982268160015337e+01 7.036326323173675186e-03 4.608243278062973403e-01
1.129447116686973729e+00 5.645619082413595180e+01 6.930413119763650237e-03 4.586024363150311145e-01
1.140798248922409552e+00 5.646152283496267898e+01 6.825968741906139788e-03 4.563996432730247910e-01
1.152263461933406230e+00 5.646582259163449891e+01 6.722976248211322454e-03 4.542156825907385787e-01
1.163843902250818907e+00 5.646909420949968705e+01 6.621418798510120447e-03 4.520502926554836876e-01
1.175540727928329865e+00 5.647134152740098045e+01 6.521279714675517168e-03 4.499032122068267192e-01
1.187355108658254110e+00 5.647256857179111478e+01 6.422542424761179189e-03 4.477741840850043564e-01
1.199288225888510029e+00 5.647277955572508290e+01 6.325190464668803934e-03 4.456629551686004387e-01
1.211341272940765101e+00 5.647197887519228487e+01 6.229207480020256676e-03 4.435692762933988731e-01
1.223515455129768670e+00 5.647017110542991958e+01 6.134577227918664409e-03 4.414929021737183934e-01
1.235811989883884632e+00 5.646736099721918833e+01 6.041283578601945592e-03 4.394335913261777082e-01
1.248232106866836055e+00 5.646355347316435314e+01 5.949310516992797719e-03 4.373911059958004444e-01
1.260777048100670594e+00 5.645875362395611319e+01 5.858642144148531496e-03 4.353652120844034856e-01
1.273448068089966689e+00 5.645296670461965505e+01 5.769262678614581023e-03 4.333556790811791126e-01
1.286246433947281886e+00 5.644619813074899639e+01 5.681156457684977297e-03 4.313622799954095477e-01
1.299173425519867475e+00 5.643845347472762342e+01 5.594307938572992515e-03 4.293847912912552856e-01
1.312230335517653224e+00 5.642973846193723375e+01 5.508701699495379550e-03 4.274229928245385501e-01
1.325418469642519526e+00 5.642005896695464173e+01 5.424322440673045448e-03 4.254766677814759701e-01
1.338739146718868955e+00 5.640941367827074515e+01 5.341155678166066914e-03 4.235455476721924906e-01
1.352193698825510104e+00 5.639779990610031035e+01 5.259187136204539204e-03 4.216293580378542294e-01
1.365783471428865692e+00 5.638522409623421083e+01 5.178401781906307941e-03 4.197278962411479242e-01
1.379509823517520939e+00 5.637169290816532197e+01 5.098784704895682925e-03 4.178409632382376060e-01
1.393374127738123303e+00 5.635721312283177298e+01 5.020321126219894244e-03 4.159683628623249141e-01
1.407377770532648453e+00 5.634179163894889086e+01 4.942996398663465803e-03 4.141099017788886782e-01
1.421522152277045370e+00 5.632543546933514023e+01 4.866796007008017920e-03 4.122653894422667054e-01
1.435808687421275875e+00 5.630815173723163980e+01 4.791705568239638773e-03 4.104346380535271455e-01
1.450238804630759937e+00 5.628994767261701782e+01 4.717710831705643551e-03 4.086174625195981847e-01
1.464813946929243160e+00 5.627083060851823859e+01 4.644797679222784775e-03 4.068136804136005535e-01
1.479535571843102026e+00 5.625080797731904880e+01 4.572952125138435991e-03 4.050231119363662535e-01
1.494405151547095079e+00 5.622988730706626370e+01 4.502160316347004858e-03 4.032455798790666179e-01
1.509424173011584713e+00 5.620807621777549912e+01 4.432408532262846305e-03 4.014809095869429911e-01
1.524594138151233569e+00 5.618538241773780584e+01 4.363683184751546672e-03 3.997289289240870125e-01
1.539916563975196606e+00 5.616181338423569258e+01 4.295970842255370133e-03 3.979894659941169421e-01
1.555392982738825314e+00 5.613735924814652378e+01 4.229259511876378060e-03 3.962622288402115611e-01
1.571024942096893140e+00 5.611201711454901897e+01 4.163536716671576050e-03 3.945469806215830544e-01
1.586814005258362359e+00 5.608579529136376607e+01 4.098789247182042447e-03 3.928435665156894685e-01
1.602761751142706803e+00 5.605870213764731602e+01 4.035004033256925013e-03 3.911518337785593880e-01
1.618869774537804673e+00 5.603074606040613048e+01 3.972168143399722531e-03 3.894716317261553429e-01
1.635139686259419411e+00 5.600193551141003923e+01 3.910268784099268750e-03 3.878028117161638755e-01
1.651573113312280627e+00 5.597227898400611679e+01 3.849293299145898316e-03 3.861452271302053263e-01
1.668171699052788615e+00 5.594178500993401570e+01 3.789229168933525450e-03 3.844987333564254262e-01
1.684937103353349785e+00 5.591046215614496617e+01 3.730064009748170102e-03 3.828631877724585353e-01
1.701871002768365004e+00 5.587831902162434972e+01 3.671785573043259004e-03 3.812384497287590879e-01
1.718975090701887698e+00 5.584536423421997142e+01 3.614381744702505669e-03 3.796243805322611631e-01
1.736251077576964397e+00 5.581160644747702548e+01 3.557840544290700666e-03 3.780208434303635734e-01
1.753700691006679913e+00 5.577705433748092645e+01 3.502150124292926960e-03 3.764277035952222072e-01
1.771325675966918034e+00 5.574171659970942727e+01 3.447298769342699472e-03 3.748448281083318068e-01
1.789127794970862384e+00 5.570560214382475550e+01 3.393274883388760089e-03 3.732720872710029170e-01
1.807108828245248988e+00 5.566872101177283128e+01 3.340066935137305307e-03 3.717093606502836489e-01
1.825270573908388760e+00 5.563108266118721446e+01 3.287663564069509114e-03 3.701565254678731431e-01
1.843614848149983443e+00 5.559269636659003311e+01 3.236053552605707741e-03 3.686134594070546444e-01
1.862143485412743882e+00 5.555357141368985197e+01 3.185225812944426482e-03 3.670800419338817178e-01
1.880858338575837285e+00 5.551371709596671877e+01 3.135169386192896823e-03 3.655561542811083808e-01
1.899761279140175008e+00 5.547314319704257457e+01 3.085873414310215303e-03 3.640416826386497773e-01
1.918854197415566398e+00 5.543190298046845044e+01 3.037324795973187636e-03 3.625367980180486116e-01
1.938139002709750480e+00 5.539002934964344149e+01 2.989511841364189942e-03 3.610415314436446477e-01
1.957617623519325889e+00 5.534753028854369461e+01 2.942424388783183940e-03 3.595557508546208259e-01
1.977292007722607492e+00 5.530441376506058759e+01 2.896052387656673777e-03 3.580793262508642494e-01
1.997164122774409689e+00 5.526068772832807952e+01 2.850385898040452750e-03 3.566121296760917936e-01
2.017235955902798583e+00 5.521636010607333844e+01 2.805415090107687276e-03 3.551540352011625101e-01
2.037509514307812797e+00 5.517143880199146366e+01 2.761130243622858527e-03 3.537049189075550659e-01
2.057986825362188466e+00 5.512593169314528296e+01 2.717521747401897836e-03 3.522646588710076077e-01
2.078669936814095287e+00 5.507983099908483382e+01 2.674580855164556542e-03 3.508330359252197495e-01
2.099560916991914272e+00 5.503312823320554514e+01 2.632298898267712312e-03 3.494098321477309699e-01
2.120661855011071850e+00 5.498583288228400079e+01 2.590666416928509661e-03 3.479949475497361444e-01
2.141974860982954976e+00 5.493795447714909841e+01 2.549674064073019497e-03 3.465882841856220975e-01
2.163502066225921450e+00 5.488950249093110045e+01 2.509312609164390459e-03 3.451897455120730984e-01
2.185245623478434762e+00 5.484048633676515294e+01 2.469572937124829733e-03 3.437992363837383269e-01
2.207207707114339890e+00 5.479091536552637365e+01 2.430446047263389552e-03 3.424166630487157637e-01
2.229390513360302251e+00 5.474079886359852765e+01 2.391923052209568926e-03 3.410419331438352963e-01
2.251796260515432913e+00 5.469014605067670232e+01 2.353995176852489470e-03 3.396749556897519784e-01
2.274427189173117814e+00 5.463896607760504764e+01 2.316653757285729899e-03 3.383156410858244034e-01
2.297285562445082086e+00 5.458726802425102420e+01 2.279890239757447097e-03 3.369639011048123911e-01
2.320373666187702355e+00 5.453506089741710383e+01 2.243696179625879160e-03 3.356196488873662842e-01
2.343693809230592340e+00 5.448235362879002963e+01 2.208063240320166671e-03 3.342827989363041929e-01
2.367248323607490157e+00 5.442915507292971711e+01 2.172983192306191230e-03 3.329532671107062192e-01
2.391039564789462446e+00 5.437546399796859475e+01 2.138448305151997679e-03 3.316309096586372851e-01
2.415069911920452839e+00 5.432124296858788171e+01 2.104452310915070744e-03 3.303153681407370312e-01
2.439341768055200532e+00 5.426649329603449701e+01 2.070987437618207559e-03 3.290065275150381163e-01
2.463857560399544955e+00 5.421122283019641230e+01 2.038045754144287430e-03 3.277043147940194023e-01
2.488619740553151161e+00 5.415543931310863712e+01 2.005619435728543676e-03 3.264086581837902790e-01
2.513630784754669278e+00 5.409915037807125060e+01 1.973700762772135492e-03 3.251194870864420050e-01
2.538893194129362652e+00 5.404236354877835424e+01 1.942282119669931119e-03 3.238367321017295852e-01
2.564409494939219769e+00 5.398508623846103660e+01 1.911355993652029796e-03 3.225603250280917877e-01
2.590182238835585959e+00 5.392732574904449194e+01 1.880914973638441595e-03 3.212901988630320060e-01
2.616214003114328168e+00 5.386908927032078509e+01 1.850951749106510532e-03 3.200262878028669600e-01
2.642507390973567460e+00 5.381038387913906718e+01 1.821459108970541023e-03 3.187685272418692151e-01
2.669065031774001007e+00 5.375121653861445736e+01 1.792429940473201600e-03 3.175168537708186189e-01
2.695889581301839311e+00 5.369159409735598132e+01 1.763857228088347006e-03 3.162712051749712039e-01
2.722983722034390208e+00 5.363152328871548491e+01 1.735734052434866406e-03 3.150315204314591000e-01
2.750350163408306514e+00 5.357101074904169735e+01 1.708053588571359360e-03 3.137977398218503855e-01
2.777991642090528401e+00 5.351007536262768838e+01 1.680808719136310829e-03 3.125698766794303696e-01
2.805910922251960926e+00 5.344872965998853687e+01 1.653992642431242931e-03 3.113479071186762148e-01
2.834110795843884922e+00 5.338698115851666159e+01 1.627598809665830324e-03 3.101317793345930163e-01
2.862594082877160773e+00 5.332483725093964466e+01 1.601620764666107557e-03 3.089214424850821872e-01
2.891363631704227277e+00 5.326230520471586516e+01 1.576052142738985007e-03 3.077168466887960641e-01
2.920422319303941805e+00 5.319939216146636340e+01 1.550886669549926154e-03 3.065179430225241086e-01
2.949773051569279492e+00 5.313610513644336919e+01 1.526118160013560047e-03 3.053246835181026020e-01
2.979418763597927455e+00 5.307245101803721354e+01 1.501740517196862267e-03 3.041370211588685368e-01
3.009362419985791792e+00 5.300843656732081399e+01 1.477747731234585211e-03 3.029549098756747494e-01
3.039607015123465761e+00 5.294410952568460260e+01 1.454132752413852701e-03 3.017785381902842179e-01
3.070155573495665813e+00 5.287956258039354651e+01 1.430887499437055775e-03 3.006083416228308436e-01
3.101011149983687432e+00 5.281480011262445373e+01 1.408006479775099698e-03 2.994442473311898500e-01
3.132176830170890991e+00 5.274982393114009938e+01 1.385484334873167802e-03 2.982861703221657002e-01
3.163655730651268705e+00 5.268463580659745560e+01 1.363315769217031143e-03 2.971340279274855556e-01
3.195450999341099330e+00 5.261922480596798835e+01 1.341495871841941797e-03 2.959876687930047545e-01
3.227565815793749682e+00 5.255357628555709937e+01 1.320019859367459322e-03 2.948469258140308247e-01
3.260003391517625637e+00 5.248769353681626626e+01 1.298882539878007218e-03 2.937117362731634373e-01
3.292766970297332563e+00 5.242158002560748997e+01 1.278078783334000946e-03 2.925820405113013223e-01
3.325859828518050509e+00 5.235523912988956141e+01 1.257603527799041601e-03 2.914577804250150783e-01
3.359285275493179679e+00 5.228867413891233440e+01 1.237451778882970579e-03 2.903388994410741053e-01
3.393046653795271261e+00 5.222188825246838917e+01 1.217618609178120663e-03 2.892253424911098159e-01
3.427147339590291608e+00 5.215488458020256246e+01 1.198099157689140820e-03 2.881170559864301706e-01
3.461590742975235724e+00 5.208766614097866210e+01 1.178888629256931182e-03 2.870139877929637207e-01
3.496380308319146479e+00 5.202023586230246366e+01 1.159982293977112775e-03 2.859160872063317149e-01
3.531519514607548871e+00 5.195259657980128765e+01 1.141375486613337761e-03 2.848233049270741390e-01
3.567011875790354836e+00 5.188475103675955324e+01 1.123063606006080486e-03 2.837355930359747314e-01
3.602860941133259498e+00 5.181670188370920016e+01 1.105042114477105186e-03 2.826529049695288842e-01
3.639070295572672364e+00 5.174845167807567492e+01 1.087306537230096253e-03 2.815751954955328373e-01
3.675643560074210558e+00 5.167999376437808934e+01 1.069852650185182646e-03 2.805023712827968141e-01
3.712584391994802502e+00 5.161129784007229659e+01 1.052676751778322322e-03 2.794342154917484056e-01
3.749896485448424688e+00 5.154236356920765161e+01 1.035774552129411791e-03 2.783706784350754027e-01
3.787583571675515959e+00 5.147319269707196554e+01 1.019141777369984023e-03 2.773117235407742132e-01
3.825649419416104813e+00 5.140378686995154567e+01 1.002774214957348475e-03 2.762573154246202867e-01
3.864097835286687044e+00 5.133414763514469570e+01 9.866677130178577466e-04 2.752074198674450689e-01
3.902932664160890575e+00 5.126427644101924130e+01 9.708181796898428945e-04 2.741620037924967779e-01
3.942157789553965230e+00 5.119417463711342009e+01 9.552215824666443825e-04 2.731210352428436461e-01
3.981777134011136976e+00 5.112384347427996545e+01 9.398739475398320024e-04 2.720844833588662026e-01
4.021794659499868807e+00 5.105328410487313562e+01 9.247713591429769812e-04 2.710523183558114502e-01
4.062214367806057602e+00 5.098249758297762924e+01 9.099099588961666579e-04 2.700245115014244801e-01
4.103040300934215345e+00 5.091148486467959344e+01 8.952859451514886538e-04 2.690010350936645200e-01
4.144276541511680456e+00 5.084024680837879373e+01 8.808955723396531302e-04 2.679818624385232884e-01
4.185927213196871222e+00 5.076878417514199526e+01 8.667351503180968251e-04 2.669669678279172897e-01
4.227996481091665260e+00 5.069708956418149626e+01 8.528011791414292662e-04 2.659562842850882736e-01
4.270488552157910789e+00 5.062510990122782317e+01 8.390909520176095121e-04 2.649495103113814198e-01
4.313407675638125660e+00 5.055290753450751851e+01 8.255998710839964868e-04 2.639469531675668335e-01
4.356758143480421452e+00 5.048056456553533167e+01 8.123231618110290887e-04 2.629490121026442639e-01
4.400544290767709477e+00 5.040807710160573407e+01 7.992575493588476325e-04 2.619556338874807766e-01
4.444770496151206451e+00 5.033544068082237288e+01 7.863998096053197596e-04 2.609667644233339967e-01
4.489441182288307353e+00 5.026265086225090073e+01 7.737467592402590567e-04 2.599823517831878483e-01
4.534560816284849416e+00 5.018970322274827112e+01 7.612952556846153476e-04 2.590023461445304931e-01
4.580133910141833908e+00 5.011659335392935333e+01 7.490421969857884686e-04 2.580266997238249149e-01
4.626165021206623429e+00 5.004331685926658224e+01 7.369845216905642187e-04 2.570553667125751729e-01
4.672658752628684020e+00 4.996986935131968011e+01 7.251192086968322572e-04 2.560883032149862126e-01
4.719619753819902286e+00 4.989624644909295625e+01 7.134432770854530178e-04 2.551254671871319712e-01
4.767052720919533471e+00 4.982244377551634074e+01 7.019537859332945252e-04 2.541668183776452095e-01
4.814962397263812477e+00 4.974845695504658494e+01 6.906478341087361446e-04 2.532123182698381436e-01
4.863353573860299761e+00 4.967427458228479509e+01 6.795226562150995155e-04 2.522618943257228796e-01
4.912231089866981648e+00 4.959963560097379798e+01 6.685788634392866164e-04 2.513142193812045733e-01
4.961599833076189903e+00 4.952443686671558964e+01 6.578147509111886447e-04 2.503687994047548715e-01
5.011464740403385854e+00 4.944867329028136993e+01 6.472272949235061915e-04 2.494256432796966017e-01
5.061830798380856145e+00 4.937233958009989010e+01 6.368135233436185124e-04 2.484847600408777168e-01
5.112703043656372515e+00 4.929543024271648477e+01 6.265705147505829919e-04 2.475461588661068690e-01
5.164086563496853799e+00 4.921793958315768691e+01 6.164953975870575680e-04 2.466098490670534937e-01
5.215986496297103869e+00 4.913986170520429653e+01 6.065853493257266369e-04 2.456758400796623665e-01
5.268408032093653937e+00 4.906119051157425304e+01 5.968375956498060816e-04 2.447441414541387250e-01
5.321356413083769610e+00 4.898191970401649087e+01 5.872494096473441236e-04 2.438147628445143655e-01
5.374836934149669787e+00 4.890204278331736276e+01 5.778181110189310439e-04 2.428877139978483091e-01
5.428854943388031984e+00 4.882155304922071082e+01 5.685410652985099702e-04 2.419630047430907094e-01
5.483415842644792981e+00 4.874044360026159239e+01 5.594156830870036920e-04 2.410406449796370920e-01
5.538525088055346934e+00 4.865870733351593458e+01 5.504394192984519768e-04 2.401206446656083682e-01
5.594188190590160481e+00 4.857633783736923760e+01 5.416097624488580347e-04 2.392030182089492085e-01
5.650410716605871464e+00 4.849342689634300285e+01 5.329231688098423321e-04 2.382882609777642602e-01
5.707198288401933439e+00 4.841006862201287930e+01 5.243761967208681197e-04 2.373768653065695677e-01
5.764556584782851267e+00 4.832629028845435926e+01 5.159662277043598972e-04 2.364689887188271000e-01
5.822491341626061079e+00 4.824224773308301195e+01 5.076893622665034408e-04 2.355654084131263148e-01
5.881008352455524779e+00 4.815797446296902962e+01 4.995431243179195360e-04 2.346662887928978314e-01
5.940113469021089720e+00 4.807345791817002834e+01 4.915255626526717761e-04 2.337715692698188463e-01
5.999812601883669494e+00 4.798868568222091824e+01 4.836347480011194701e-04 2.328811919280570908e-01
6.060111721006298247e+00 4.790364547387888905e+01 4.758687732144651164e-04 2.319951014178580073e-01
6.121016856351136681e+00 4.781832513914218907e+01 4.682257534194301531e-04 2.311132448527059569e-01
6.182534098482474150e+00 4.773271264353501664e+01 4.607038261447506155e-04 2.302355717099401344e-01
6.244669599175789898e+00 4.764679606464974881e+01 4.533011514210922742e-04 2.293620337347180849e-01
6.307429572032931198e+00 4.756056358493815139e+01 4.460159118558721866e-04 2.284925848472434406e-01
6.370820293103484744e+00 4.747400348474377552e+01 4.388463126845219982e-04 2.276271810531227124e-01
6.434848101512383955e+00 4.738710413556686518e+01 4.317905817995268880e-04 2.267657803567834640e-01
6.499519400093824117e+00 4.729979328596397892e+01 4.248475129314258558e-04 2.259080538512251990e-01
6.564840656031559085e+00 4.721194064199443119e+01 4.180163880739047209e-04 2.250534093420922532e-01
6.630818401505615967e+00 4.712353470862399973e+01 4.112954087156396187e-04 2.242018302892448689e-01
6.697459234345523704e+00 4.703456707932225811e+01 4.046827769389703118e-04 2.233533157425319216e-01
6.764769818690099967e+00 4.694502926045432645e+01 3.981767239573762293e-04 2.225078651094234417e-01
6.832756885653872736e+00 4.685491266981050273e+01 3.917755097010842047e-04 2.216654781293339038e-01
6.901427234000194311e+00 4.676420863515756565e+01 3.854774224049550987e-04 2.208261548487224779e-01
6.970787730821124129e+00 4.667290839280870784e+01 3.792807781987701408e-04 2.199898955969966652e-01
7.040845312224145225e+00 4.658100308620858243e+01 3.731839207001556229e-04 2.191567009631691376e-01
7.111606984025780065e+00 4.648848376453085507e+01 3.671852206102860228e-04 2.183265717732696953e-01
7.183079822452174135e+00 4.639534138128520624e+01 3.612830753125352372e-04 2.174995090684901933e-01
7.255270974846735221e+00 4.630156679293055078e+01 3.554759084742409921e-04 2.166755140840324889e-01
7.328187660384860358e+00 4.620715075749208012e+01 3.497621696516858641e-04 2.158545882286669881e-01
7.401837170795864118e+00 4.611213802646354765e+01 3.441399318867548076e-04 2.150369842630192874e-01
7.476226871092166881e+00 4.601654433745836315e+01 3.386075400440676170e-04 2.142228115452225745e-01
7.551364200305789254e+00 4.592010168666453040e+01 3.331654114612199805e-04 2.134108729922744863e-01
7.627256672232265444e+00 4.582279237948303319e+01 3.278120721584029218e-04 2.126011538274346913e-01
7.703911876182035101e+00 4.572462713163900361e+01 3.225458727368632830e-04 2.117937702554515966e-01
7.781337477739369568e+00 4.562561620787057137e+01 3.173652034120080572e-04 2.109888344048376496e-01
7.859541219528947131e+00 4.552576943966016643e+01 3.122684927163462245e-04 2.101864544752857500e-01
7.938530921990117228e+00 4.542509624226627807e+01 3.072542062581075134e-04 2.093867348792414762e-01
8.018314484158951316e+00 4.532360563109118345e+01 3.023208455325672125e-04 2.085897763779376857e-01
8.098899884458148790e+00 4.522130623741568201e+01 2.974669467833555739e-04 2.077956762121364598e-01
8.180295181494903645e+00 4.511820632353154537e+01 2.926910799111219702e-04 2.070045282278623333e-01
8.262508514866739873e+00 4.501431379730005489e+01 2.879918474271361958e-04 2.062164229973582619e-01
8.345548105975510111e+00 4.490963622616379780e+01 2.833678834495589774e-04 2.054314479354802658e-01
8.429422258849523786e+00 4.480418085063615052e+01 2.788178527402012026e-04 2.046496874117703368e-01
8.514139360973965509e+00 4.469795459729315468e+01 2.743404497797692892e-04 2.038712228583971220e-01
8.599707884129644597e+00 4.459098384627698408e+01 2.699342785664715335e-04 2.030962226443595586e-01
8.686136385240182278e+00 4.448344154318069599e+01 2.655971104060700946e-04 2.023255125170322910e-01
8.773433507227714756e+00 4.437536013465523865e+01 2.613276368117683026e-04 2.015592641503096694e-01
8.861607979877190289e+00 4.426672255866469641e+01 2.571248665331251075e-04 2.007974237218464741e-01
8.950668620709352652e+00 4.415751188696699359e+01 2.529878194050299753e-04 2.000399394056513735e-01
9.040624335862499805e+00 4.404772976223186731e+01 2.489154224695433416e-04 1.992868445172303327e-01
9.131484120983110131e+00 4.393741566389481079e+01 2.449064142650357167e-04 1.985383402965591459e-01
9.223257062125417960e+00 4.382654362027034978e+01 2.409599240380078480e-04 1.977943307398415673e-01
9.315952336660007660e+00 4.371508500077109005e+01 2.370751023914670526e-04 1.970547103904040365e-01
9.409579214191584384e+00 4.360301146609905487e+01 2.332511046641645627e-04 1.963193776506119981e-01
9.504147057485923256e+00 4.349029494436707921e+01 2.294870913490882399e-04 1.955882346010281714e-01
9.599665323406158635e+00 4.337690760768989406e+01 2.257822284803337205e-04 1.948611868260053948e-01
9.696143563858482750e+00 4.326282184922279583e+01 2.221356879899901056e-04 1.941381432454591660e-01
9.793591426747338957e+00 4.314801026062561107e+01 2.185466480366223202e-04 1.934190159525614461e-01
9.892018656940225085e+00 4.303244539188662543e+01 2.150142944247287633e-04 1.927037190552340074e-01
9.991435097242177932e+00 4.291601643690536605e+01 2.115382285175301683e-04 1.919917984902685115e-01
1.009185068938008101e+01 4.279867952928602648e+01 2.081177050461381845e-04 1.912831091138701978e-01
1.019327547499682751e+01 4.268042983294401438e+01 2.047517969526345600e-04 1.905776813461149688e-01
1.029571959665549308e+01 4.256126233845489537e+01 2.014395945827027147e-04 1.898755445527358365e-01
1.039919329885362487e+01 4.244117186708436407e+01 1.981802052818277811e-04 1.891767270844211257e-01
1.050370692904765946e+01 4.232015307462717857e+01 1.949727530036508773e-04 1.884812563150281839e-01
1.060927093868772175e+01 4.219820045506136097e+01 1.918163779299833234e-04 1.877891586787847067e-01
1.071589588426273920e+01 4.207534444258558182e+01 1.887100746589842636e-04 1.871006197725426090e-01
1.082359242835612712e+01 4.195172099432156898e+01 1.856524029337546574e-04 1.864162846933379303e-01
1.093237134071203975e+01 4.182732675708144399e+01 1.826425844828052036e-04 1.857361714551920839e-01
1.104224349931236127e+01 4.170214136552722550e+01 1.796799265070405478e-04 1.850602235108505522e-01
1.115321989146451820e+01 4.157614456790135904e+01 1.767637435506134156e-04 1.843883862420383213e-01
1.126531161490020239e+01 4.144931621357947904e+01 1.738933575797425325e-04 1.837206068753434451e-01
1.137852987888516409e+01 4.132163722117005733e+01 1.710680939884740904e-04 1.830568387477580217e-01
1.149288600534015536e+01 4.119312674357043136e+01 1.682871311923062150e-04 1.823972045871477266e-01
1.160839142997312123e+01 4.106379050504926909e+01 1.655497213318387121e-04 1.817417649932710488e-01
1.172505770342277032e+01 4.093360644388393155e+01 1.628552405520040957e-04 1.810904581341324648e-01
1.184289649241368103e+01 4.080255260769988723e+01 1.602030712146985372e-04 1.804432242110650675e-01
1.196191958092294350e+01 4.067060713968113816e+01 1.575926019933876390e-04 1.798000053707530244e-01
1.208213887135859821e+01 4.053774826497561179e+01 1.550232279565629510e-04 1.791607456204704352e-01
1.220356638574987151e+01 4.040395427728123678e+01 1.524943506407150113e-04 1.785253907463695833e-01
1.232621426694939082e+01 4.026920352559931615e+01 1.500053781133930649e-04 1.778938882347277928e-01
1.245009477984748614e+01 4.013343830971006554e+01 1.475558569785476474e-04 1.772660286759884518e-01
1.257522031259867923e+01 3.999659527199502662e+01 1.451453505313658493e-04 1.766415837051264481e-01
1.270160337786051663e+01 3.985865522979068487e+01 1.427732620023530643e-04 1.760205228020703672e-01
1.282925661404484607e+01 3.971959931934394916e+01 1.404390014298999420e-04 1.754028179372564278e-01
1.295819278658166240e+01 3.957940858691122088e+01 1.381419870871334026e-04 1.747884417664118117e-01
1.308842478919566510e+01 3.943806458998979991e+01 1.358816433111284300e-04 1.741773702918311406e-01
1.321996564519564643e+01 3.929557347936265899e+01 1.336573192608559769e-04 1.735696884169095067e-01
1.335282850877682215e+01 3.915193634094534048e+01 1.314683950782280085e-04 1.729654572425745052e-01
1.348702666633626812e+01 3.900713756720592329e+01 1.293143176831111835e-04 1.723646644511929726e-01
1.362257353780157487e+01 3.886116143100712605e+01 1.271945423831617554e-04 1.717672980314287334e-01
1.375948267797284608e+01 3.871399207993506053e+01 1.251085327607561609e-04 1.711733462674663586e-01
1.389776777787818496e+01 3.856561353054971164e+01 1.230557605605233674e-04 1.705827977288336406e-01
1.403744266614282310e+01 3.841600990321563813e+01 1.210357048206480216e-04 1.699956423238591918e-01
1.417852131037198582e+01 3.826517052064919966e+01 1.190478360716016269e-04 1.694118936888421023e-01
1.432101781854765932e+01 3.811308323616623994e+01 1.170916379652586856e-04 1.688315593834918138e-01
1.446494644043940703e+01 3.795973427854090687e+01 1.151666071391808645e-04 1.682546404630598236e-01
1.461032156902936130e+01 3.780510971238627604e+01 1.132722483773519658e-04 1.676811379976200223e-01
1.475715774195152896e+01 3.764919543445528660e+01 1.114080744699072522e-04 1.671110530813330330e-01
1.490546964294556354e+01 3.749197716980751238e+01 1.095736060754735837e-04 1.665443868418631790e-01
1.505527210332515686e+01 3.733344041706153149e+01 1.077683717250697138e-04 1.659811402358692123e-01
1.520658010346118694e+01 3.717360230385430242e+01 1.059918175114106536e-04 1.654214547853424255e-01
1.535940877427975515e+01 3.701246677624268244e+01 1.042434399279922399e-04 1.648654116727309438e-01
1.551377339877529771e+01 3.685002566290800274e+01 1.025227789365409925e-04 1.643130383968022523e-01
1.566968941353890621e+01 3.668626744034009590e+01 1.008293913986250918e-04 1.637643480068391721e-01
1.582717241030199062e+01 3.652114136558785162e+01 9.916294662252892259e-05 1.632191806309628290e-01
1.598623813749545697e+01 3.635463657853001251e+01 9.752300709551754091e-05 1.626775574020890569e-01
1.614690250182458087e+01 3.618675856395216783e+01 9.590909974559098407e-05 1.621395722360750857e-01
1.630918156985968892e+01 3.601751257614586166e+01 9.432076199984246135e-05 1.616053176004011716e-01
1.647309156964280774e+01 3.584690364923442019e+01 9.275754146376413148e-05 1.610748846340565033e-01
1.663864889231051336e+01 3.567493660715725667e+01 9.121899561314535966e-05 1.605483632660504589e-01
1.680587009373303786e+01 3.550161607333127733e+01 8.970469149793385824e-05 1.600258423327951818e-01
1.697477189616987658e+01 3.532694648000744309e+01 8.821420545751212081e-05 1.595074096945205688e-01
1.714537118994202203e+01 3.515093207734042124e+01 8.674712284684135699e-05 1.589931523509374722e-01
1.731768503512101276e+01 3.497357601500310409e+01 8.530304001695165927e-05 1.584831523872781145e-01
1.749173066323497494e+01 3.479492511367217134e+01 8.388145679100993005e-05 1.579776888301396010e-01
1.766752547899174886e+01 3.461499841335628247e+01 8.248195395865057038e-05 1.574769120002221801e-01
1.784508706201940953e+01 3.443379482189207863e+01 8.110416887896677472e-05 1.569808812702045142e-01
1.802443316862422407e+01 3.425131315349076999e+01 7.974774559041976081e-05 1.564896562829430349e-01
1.820558173356631571e+01 3.406755213319456033e+01 7.841233464750341426e-05 1.560032970395357210e-01
1.838855087185313053e+01 3.388251040125641822e+01 7.709759296248236231e-05 1.555218639887117338e-01
1.857335888055097328e+01 3.369618651745069116e+01 7.580318365200108333e-05 1.550454181177192137e-01
1.876002424061472595e+01 3.350857889586004035e+01 7.452877604297238501e-05 1.545740207242418118e-01
1.894856561873594103e+01 3.331968051368945538e+01 7.327405707784429912e-05 1.541077091977634261e-01
1.913900186920955804e+01 3.312948026403481094e+01 7.203872725216967641e-05 1.536465037453669524e-01
1.933135203581931094e+01 3.293796913085087397e+01 7.082248677912785070e-05 1.531904358862637983e-01
1.952563535374216386e+01 3.274513804098544512e+01 6.962504038433873436e-05 1.527395385471885247e-01
1.972187125147180708e+01 3.255097786405791283e+01 6.844609722749667169e-05 1.522938461310286706e-01
1.992007935276154740e+01 3.235553320893421869e+01 6.728525958061423663e-05 1.518536456523587597e-01
2.012027947858668497e+01 3.215889783254350220e+01 6.614204247348712089e-05 1.514194497027454289e-01
2.032249164912663275e+01 3.196105790913266631e+01 6.501619484370447328e-05 1.509912663287485413e-01
2.052673608576695585e+01 3.176199915822493836e+01 6.390746925579295166e-05 1.505691040982958528e-01
2.073303321312153358e+01 3.156171677984843171e+01 6.281560236543880672e-05 1.501530186772215558e-01
2.094140366107500739e+01 3.136020760517873995e+01 6.174033164517792884e-05 1.497430755503947331e-01
2.115186826684581689e+01 3.115746848008308945e+01 6.068139865144533442e-05 1.493393424743570119e-01
2.136444807706992677e+01 3.095349626826221723e+01 5.963854894430619698e-05 1.489418896024296002e-01
2.157916434990550414e+01 3.074828785448542234e+01 5.861153200893393469e-05 1.485507896154638352e-01
2.179603855715877714e+01 3.054183963217689524e+01 5.760010215495993749e-05 1.481661153475535286e-01
2.201509238643118493e+01 3.033410439928632485e+01 5.660409806568523350e-05 1.477877318490959380e-01
2.223634774328820640e+01 3.012506121653052915e+01 5.562330840150755756e-05 1.474156366593356304e-01
2.245982675344991364e+01 2.991470691048329300e+01 5.465749162907172396e-05 1.470499165561239274e-01
2.268555176500354875e+01 2.970307818591623317e+01 5.370633819668280714e-05 1.466908575201213982e-01
2.291354535063837261e+01 2.949037716075439164e+01 5.276925511094036387e-05 1.463395571111110183e-01
2.314383030990294543e+01 2.927663735355127983e+01 5.184597244538340305e-05 1.459962785423014053e-01
2.337642967148509854e+01 2.906185745157437950e+01 5.093628720098208033e-05 1.456611167223714198e-01
2.361136669551482470e+01 2.884603707242295556e+01 5.003999771262673541e-05 1.453341751057372067e-01
2.384866487589030370e+01 2.862917285954798530e+01 4.915691030824495680e-05 1.450155464473370237e-01
2.408834794262732260e+01 2.841126151018084656e+01 4.828683379443349228e-05 1.447053281945735459e-01
2.433043986423229654e+01 2.819229987706909313e+01 4.742957925545161139e-05 1.444036232014284660e-01
2.457496485009913201e+01 2.797228497241806622e+01 4.658496002587918006e-05 1.441105399669996290e-01
2.482194735293018084e+01 2.775119658824719693e+01 4.575282018726405803e-05 1.438261032218679791e-01
2.507141207118154469e+01 2.752897994651082314e+01 4.493305975234935433e-05 1.435501663462457056e-01
2.532338395153294286e+01 2.730563023623540175e+01 4.412549605773089797e-05 1.432828472196239211e-01
2.557788819138238523e+01 2.708114461981345400e+01 4.332994572043573134e-05 1.430242796363760394e-01
2.583495024136594154e+01 2.685556670265375701e+01 4.254615463071464775e-05 1.427748492344868558e-01
2.609459580790283084e+01 2.662906602264179057e+01 4.177368191005723081e-05 1.425356102104239908e-01
2.635685085576607989e+01 2.640161459767857011e+01 4.101240958949539027e-05 1.423065726537399434e-01
2.662174161067901679e+01 2.617319729707332598e+01 4.026219882293708595e-05 1.420878249912302937e-01
2.688929456193788781e+01 2.594382745559049042e+01 3.952286887373565393e-05 1.418796159958693737e-01
2.715953646506077135e+01 2.571351863694273732e+01 3.879424216720642161e-05 1.416822038813572437e-01
2.743249434446318347e+01 2.548228464105629953e+01 3.807614422421102374e-05 1.414958568416596896e-01
2.770819549616052768e+01 2.525013291056252740e+01 3.736841329340225362e-05 1.413208169514372503e-01
2.798666749049772662e+01 2.501706074983988159e+01 3.667090491430451311e-05 1.411572796952141051e-01
2.826793817490627347e+01 2.478306893086833540e+01 3.598347132688531444e-05 1.410054699149723145e-01
2.855203567668900888e+01 2.454815858440331766e+01 3.530596622995062488e-05 1.408656250149754874e-01
2.883898840583285406e+01 2.431233065323422693e+01 3.463824556173055260e-05 1.407379924102891700e-01
2.912882505784985554e+01 2.407556552520246029e+01 3.398019580485035074e-05 1.406227127561049117e-01
2.942157461664674400e+01 2.383798179267774842e+01 3.333151222756110396e-05 1.405207442678275964e-01
2.971726635742335176e+01 2.359963431454167093e+01 3.269199095580598154e-05 1.404326849880810080e-01
3.001592984960017674e+01 2.336053392530633843e+01 3.206149371370632802e-05 1.403588909579837618e-01
3.031759495977532026e+01 2.312068873308960804e+01 3.143988829807686824e-05 1.402997172622487687e-01
3.062229185471118598e+01 2.288009134023551994e+01 3.082706515760727745e-05 1.402554416882073607e-01
3.093005100435118493e+01 2.263874573801800594e+01 3.022290036051853194e-05 1.402264280673624353e-01
3.124090318486674889e+01 2.239665940332671923e+01 2.962726713327806585e-05 1.402130795499084981e-01
3.155487948173497159e+01 2.215384017835459218e+01 2.904004017601877178e-05 1.402158208553427599e-01
3.187201129284718704e+01 2.191026965842329588e+01 2.846112983232341743e-05 1.402349311336325288e-01
3.219233033164878321e+01 2.166594541475389946e+01 2.789042555089705063e-05 1.402708121825045062e-01
3.251586863031057106e+01 2.142087832993489727e+01 2.732780120540284245e-05 1.403239731823649195e-01
3.284265854293204967e+01 2.117510715769838470e+01 2.677309776906621532e-05 1.403951318831270778e-01
3.317273274877679512e+01 2.092871787485309554e+01 2.622610308707361247e-05 1.404853440809848697e-01
3.350612425554044194e+01 2.068172189495657776e+01 2.568670415023698719e-05 1.405952052557435106e-01
3.384286640265150936e+01 2.043413976370938201e+01 2.515477881025480203e-05 1.407254030907309494e-01
3.418299286460533182e+01 2.018599015300548771e+01 2.463020982215624830e-05 1.408766458720846770e-01
3.452653765433153410e+01 1.993724807647045338e+01 2.411293441208894596e-05 1.410493730331436601e-01
3.487353512659538524e+01 1.968793387020267005e+01 2.360283473314079899e-05 1.412443777839126891e-01
3.522401998143326551e+01 1.943808853133366554e+01 2.309977152718111518e-05 1.414626408106059718e-01
3.557802726762272272e+01 1.918775367657228870e+01 2.260360896495567826e-05 1.417051944804001984e-01
3.593559238618741603e+01 1.893696162067882227e+01 2.211422609306581749e-05 1.419730527912676232e-01
3.629675109393715360e+01 1.868573125276048685e+01 2.163152045653784559e-05 1.422671823037419403e-01
3.666153950704367048e+01 1.843412921182785524e+01 2.115533746063821271e-05 1.425889692791470487e-01
3.702999410465228181e+01 1.818224724944488457e+01 2.068550113160354270e-05 1.429400569387770381e-01
3.740215173252978786e+01 1.793010009160362728e+01 2.022192838679308938e-05 1.433215643199078071e-01
3.777804960674910717e+01 1.767770031800074548e+01 1.976454001982888171e-05 1.437346602308834098e-01
3.815772531741092166e+01 1.742506237505569189e+01 1.931325614511497188e-05 1.441805998694756785e-01
3.854121683240267515e+01 1.717221181212207171e+01 1.886798637513606043e-05 1.446608074706420000e-01
3.892856250119547212e+01 1.691917920711170353e+01 1.842863734864944345e-05 1.451768354514866577e-01
3.931980105867895503e+01 1.666600134233993202e+01 1.799511180416602939e-05 1.457303843543802380e-01
3.971497162903491329e+01 1.641271920531193018e+01 1.756731138599590283e-05 1.463232944297664651e-01
4.011411372964970212e+01 1.615935829810913660e+01 1.714515728945995599e-05 1.469573820356318561e-01
4.051726727506598991e+01 1.590596889474540632e+01 1.672854721598224044e-05 1.476348082176246468e-01
4.092447258097429597e+01 1.565259370172050879e+01 1.631739109096252198e-05 1.483577978803626019e-01
4.133577036824452478e+01 1.539925952266417397e+01 1.591161832177502764e-05 1.491285718398039917e-01
4.175120176699818586e+01 1.514599420839488708e+01 1.551115953629330252e-05 1.499495121256345376e-01
4.217080832072131358e+01 1.489281651518120775e+01 1.511595678058349232e-05 1.508230748725410963e-01
4.259463199041898918e+01 1.463974097938496577e+01 1.472595779459824340e-05 1.517518488920606701e-01
4.302271515881133013e+01 1.438682817388740354e+01 1.434106643257939171e-05 1.527390922710169796e-01
4.345510063457194860e+01 1.413411880350222738e+01 1.396121110993019867e-05 1.537880779161840961e-01
4.389183165660872277e+01 1.388163967117885811e+01 1.358633666715217283e-05 1.549021698903499389e-01
4.433295189838780459e+01 1.362945421152879177e+01 1.321635526135151065e-05 1.560853993182932109e-01
4.477850547230097789e+01 1.337760795768263122e+01 1.285120145473953882e-05 1.573418900217583016e-01
4.522853693407692788e+01 1.312612234009896639e+01 1.249083573510735343e-05 1.586758040295239147e-01
4.568309128723685575e+01 1.287501473684341669e+01 1.213522417159007194e-05 1.600915876721154818e-01
4.614221398759488579e+01 1.262430249613094091e+01 1.178433428746278360e-05 1.615940522288341064e-01
4.660595094780364178e+01 1.237400922431299399e+01 1.143812951330215659e-05 1.631884908127511080e-01
4.707434854194560359e+01 1.212415472788852711e+01 1.109657869274798598e-05 1.648805960510775770e-01
4.754745361017049987e+01 1.187476750382578139e+01 1.075964472944539556e-05 1.666766736888859457e-01
4.802531346337943319e+01 1.162588223079093197e+01 1.042728764350254153e-05 1.685836734247107838e-01
4.850797588795593640e+01 1.137750425095251572e+01 1.009949606218762197e-05 1.706087389933270693e-01
4.899548915054467813e+01 1.112965077693071159e+01 9.776248837914890992e-06 1.727598587525109308e-01
4.948790200287818664e+01 1.088236032995236080e+01 9.457508479200784531e-06 1.750461078205705900e-01
4.998526368665203279e+01 1.063565720419437000e+01 9.143253120822430419e-06 1.774771987837035214e-01
5.000000000857254889e+01 1.062839420684395364e+01 9.134057741614057645e-06 1.775511631447725114e-01
