# # r T rho v
1.000000000171451076e+00 1.744417363849479541e+00 3.023545887535098453e-01 2.718354572620605580e+01
1.004178391061116393e+00 1.746871196788104097e+00 2.999920976543729023e-01 2.717009208949734855e+01
1.014270551673591703e+00 1.752785166516552584e+00 2.944043827700812410e-01 2.713755799008553993e+01
1.024464140186462702e+00 1.758729092861905263e+00 2.889252080128066336e-01 2.710464423412258839e+01
1.034760175967075257e+00 1.764688555274708026e+00 2.835524043031902863e-01 2.707135051887892629e+01
1.045159688627587347e+00 1.770648311873177505e+00 2.782838457784900243e-01 2.703767666132562297e+01
1.055663718127931583e+00 1.776592351687739324e+00 2.731174489730958665e-01 2.700362259755222283e+01
1.066273314879811585e+00 1.782511733775958174e+00 2.680511748776245873e-01 2.696918809390146166e+01
1.076989539851743505e+00 1.788415268098908717e+00 2.630830316597365104e-01 2.693437236131653734e+01
1.087813464675154718e+00 1.794383334721600054e+00 2.582110923938945590e-01 2.689917206844459940e+01
1.098746171751547873e+00 1.800461949674252660e+00 2.534334546467307825e-01 2.686358531411471873e+01
1.109788754360740759e+00 1.806641580691066062e+00 2.487482339683476928e-01 2.682761237428412571e+01
1.120942316770196845e+00 1.812911618852868889e+00 2.441535833969918912e-01 2.679125366696186461e+01
1.132207974345451840e+00 1.819260387381164801e+00 2.396476927450706118e-01 2.675450975259136754e+01
1.143586853661650915e+00 1.825675159169392936e+00 2.352287879006595139e-01 2.671738133403377446e+01
1.155080092616208809e+00 1.832142183036684857e+00 2.308951301439554349e-01 2.667986925615160132e+01
1.166688840542597916e+00 1.838646718573502481e+00 2.266450154781209647e-01 2.664197450499653996e+01
1.178414258325285235e+00 1.845173079335863164e+00 2.224767739739436090e-01 2.660369820661200180e+01
1.190257518515820623e+00 1.851704684037878801e+00 2.183887691277696941e-01 2.656504162546118053e+01
1.202219805450091883e+00 1.858226129924599457e+00 2.143793978462678329e-01 2.652600608651192715e+01
1.214302315366761142e+00 1.864749778477075459e+00 2.104470976760687562e-01 2.648659197885779548e+01
1.226506256526889160e+00 1.871269030202255435e+00 2.065903316292464764e-01 2.644680052675051840e+01
1.238832849334762010e+00 1.877843006715391505e+00 2.028076126886717290e-01 2.640663058252320283e+01
1.251283326459932566e+00 1.884539442411740762e+00 1.990974849352745712e-01 2.636608083336277275e+01
1.263858932960488346e+00 1.891348291278455385e+00 1.954584987932735385e-01 2.632515303946990315e+01
1.276560926407559693e+00 1.898257928342557355e+00 1.918892335466814425e-01 2.628384913013360347e+01
1.289390577011076067e+00 1.905255587289753860e+00 1.883882969151012277e-01 2.624217118656940784e+01
1.302349167746789105e+00 1.912327382678977727e+00 1.849543245156527460e-01 2.620012144040811108e+01
1.315437994484571771e+00 1.919458341383921463e+00 1.815859793363590879e-01 2.615770227173728912e+01
1.328658366118004697e+00 1.926632443070966261e+00 1.782819512205416068e-01 2.611491620670347302e+01
1.342011604695268145e+00 1.933832669406694293e+00 1.750409563617610353e-01 2.607176591468873283e+01
1.355499045551348258e+00 1.941041061579031668e+00 1.718617368088512509e-01 2.602825420507914700e+01
1.369122037441569573e+00 1.948255686566463085e+00 1.687430641954202337e-01 2.598438337461510628e+01
1.382881942676473797e+00 1.955490673803671253e+00 1.656837388188481253e-01 2.594015521876939445e+01
1.396780137258051280e+00 1.962751940016180363e+00 1.626825830147598795e-01 2.589557195681542368e+01
1.410818011017342055e+00 1.970139176630873123e+00 1.597384650368655068e-01 2.585063231703995967e+01
1.424996967753419996e+00 1.977662831578873126e+00 1.568502537150913700e-01 2.580533861982005561e+01
1.439318425373774746e+00 1.985311239277890216e+00 1.540168355383187693e-01 2.575969414352803000e+01
1.453783816036102960e+00 1.993071517114666014e+00 1.512371193952038173e-01 2.571370231198214995e+01
1.468394586291525084e+00 2.000929584894393098e+00 1.485100361490465370e-01 2.566736669171682195e+01
1.483152197229242741e+00 2.008870193849086938e+00 1.458345382217719477e-01 2.562069098879077345e+01
1.498058124622647647e+00 2.016876965045122372e+00 1.432095991866533247e-01 2.557367904514359580e+01
1.513113859076901102e+00 2.024932436911206501e+00 1.406342133694226670e-01 2.552633483451251450e+01
1.528320906177994098e+00 2.033018121495600905e+00 1.381073954573810436e-01 2.547866245793170847e+01
1.543680786643309766e+00 2.041115579193750307e+00 1.356281803287066323e-01 2.543066609898169617e+01
1.559195036473695284e+00 2.049242412197100460e+00 1.331956300510879765e-01 2.538234860993584263e+01
1.574865207107061238e+00 2.057446222722295825e+00 1.308088316055278366e-01 2.533371175762380290e+01
1.590692865573530179e+00 2.065823900208419772e+00 1.284668997444985417e-01 2.528475549075426443e+01
1.606679594652138388e+00 2.074363494268806285e+00 1.261689447631762495e-01 2.523548416046638110e+01
1.622826993029115705e+00 2.083051733065449440e+00 1.239140949299214062e-01 2.518590224553357615e+01
1.639136675457756320e+00 2.091873983545029958e+00 1.217014961305933063e-01 2.513601435126274453e+01
1.655610272919894710e+00 2.100814279352178904e+00 1.195303115338398336e-01 2.508582520534597293e+01
1.672249432789004731e+00 2.109855359480111048e+00 1.173997212636331694e-01 2.503533965323076060e+01
1.689055818994939617e+00 2.118978717383184662e+00 1.153089220787286290e-01 2.498456265302511881e+01
1.706031112190324883e+00 2.128164660144164166e+00 1.132571270587314355e-01 2.493349926995638199e+01
1.723177009918626768e+00 2.137392377166650537e+00 1.112435652964459398e-01 2.488215467041048257e+01
1.740495226783906002e+00 2.146640017752286411e+00 1.092674815961895557e-01 2.483053411558205426e+01
1.757987494622281099e+00 2.155972176186922606e+00 1.073281514238533657e-01 2.477863943493383303e+01
1.775655562675113153e+00 2.165519458727561020e+00 1.054248756563907208e-01 2.472646990244977161e+01
1.793501197763930799e+00 2.175284622738601126e+00 1.035569466679255590e-01 2.467403004244641807e+01
1.811526184467113554e+00 2.185256215204109509e+00 1.017236689100419478e-01 2.462132500017367676e+01
1.829732325298353945e+00 2.195421343290800742e+00 9.992436091147542665e-02 2.456836002058203405e+01
1.848121440886905331e+00 2.205765686141782922e+00 9.815835500617126064e-02 2.451514044430415495e+01
1.866695370159652478e+00 2.216273517254000680e+00 9.642499706746106292e-02 2.446167170319127138e+01
1.885455970524999803e+00 2.226927737342801361e+00 9.472364624810607203e-02 2.440795931541509489e+01
1.904405118058618340e+00 2.237709917467039844e+00 9.305367472595944822e-02 2.435400888014813603e+01
1.923544707691052569e+00 2.248601586566155941e+00 9.141446764684423021e-02 2.429982602084375998e+01
1.942876653397214826e+00 2.259673869423002746e+00 8.980543651037158071e-02 2.424541269544576494e+01
1.962402888387785982e+00 2.270978364906874880e+00 8.822600130324746714e-02 2.419077173196651032e+01
1.982125365302537467e+00 2.282499178488771818e+00 8.667558352994310378e-02 2.413590877033110615e+01
2.002046056405595298e+00 2.294227905693181579e+00 8.515361774894543434e-02 2.408082915005098101e+01
2.022166953782670973e+00 2.306200246192185777e+00 8.365955650079742734e-02 2.402553639593620360e+01
2.042490069540270348e+00 2.318412681128211528e+00 8.219285767697286083e-02 2.397003568686197639e+01
2.063017436006903793e+00 2.330850496389829551e+00 8.075298871868086259e-02 2.391433267140241625e+01
2.083751105936325398e+00 2.343497540894103892e+00 7.933942786128650448e-02 2.385843305711748741e+01
2.104693152712805215e+00 2.356340755300744938e+00 7.795166454566478109e-02 2.380234241607639234e+01
2.125845670558473177e+00 2.369502462012353927e+00 7.658921706081268932e-02 2.374606063147890822e+01
2.147210774742741357e+00 2.383023955392943982e+00 7.525160186313842314e-02 2.368959104733270138e+01
2.168790601793832096e+00 2.396892098995987652e+00 7.393833789780163146e-02 2.363293929597777066e+01
2.190587309712433761e+00 2.411091682800508007e+00 7.264895376592454823e-02 2.357611108195451521e+01
2.212603078187501904e+00 2.425605430700908727e+00 7.138298753757475745e-02 2.351911217833835721e+01
2.234840108814230675e+00 2.440414023760776985e+00 7.013998656972422752e-02 2.346194842245919787e+01
2.257300625314214049e+00 2.455496139117160137e+00 6.891950732894537579e-02 2.340462571101258860e+01
2.279986873757818611e+00 2.470859626089456640e+00 6.772111908973298122e-02 2.334714865998541100e+01
2.302901122788794552e+00 2.486680681491229450e+00 6.654442041927303986e-02 2.328951466894738331e+01
2.326045663851140866e+00 2.502991785424785398e+00 6.538899968664466100e-02 2.323172733976718263e+01
2.349422811418249157e+00 2.519784370777126359e+00 6.425444861981140232e-02 2.317379200962843555e+01
2.373034903224358505e+00 2.537047696661918650e+00 6.314036707406046889e-02 2.311571407417666180e+01
2.396884300498326237e+00 2.554768826888186961e+00 6.204636287133860617e-02 2.305749898559362876e+01
2.420973388199753273e+00 2.572932623667187890e+00 6.097205164415353540e-02 2.299915225008197694e+01
2.445304575257485347e+00 2.591572190852212021e+00 5.991706243212063798e-02 2.294067722389080899e+01
2.469880294810503418e+00 2.610826958504833595e+00 5.888104351432516675e-02 2.288207262070094572e+01
2.494703004451243711e+00 2.630695347678742468e+00 5.786363401557860497e-02 2.282334330454103011e+01
2.519775186471354456e+00 2.651161641538206215e+00 5.686447887732300199e-02 2.276449470906714367e+01
2.545099348109932880e+00 2.672206968447232267e+00 5.588322999987273970e-02 2.270553235383687962e+01
2.570678021804244651e+00 2.693809311252907346e+00 5.491954611204357545e-02 2.264646184141843221e+01
2.596513765442975519e+00 2.716003509446947906e+00 5.397309899950920864e-02 2.258728619430172557e+01
2.622609162622020040e+00 2.738997157976327923e+00 5.304358488687176826e-02 2.252800076678915886e+01
2.648966822902841578e+00 2.762817743128537451e+00 5.213068663799774044e-02 2.246860891262131688e+01
2.675589382073432887e+00 2.787456151841304131e+00 5.123408971936211503e-02 2.240911555835353397e+01
2.702479502411897272e+00 2.812899759961393187e+00 5.035348566232403233e-02 2.234952572679783245e+01
2.729639872952676072e+00 2.839158804105299527e+00 4.948857458422099842e-02 2.228984334913749876e+01
2.757073209755457111e+00 2.866368273621853646e+00 4.863907485345102949e-02 2.223006670790187300e+01
2.784782256176783655e+00 2.894553850646715887e+00 4.780469932277452844e-02 2.217019898741809669e+01
2.812769783144386526e+00 2.923710933513833155e+00 4.698516365011551343e-02 2.211024467600837085e+01
2.841038589434287331e+00 2.953831387384227458e+00 4.618018891865589143e-02 2.205020835674994117e+01
2.869591501950670587e+00 2.984956213290726357e+00 4.538950648831540507e-02 2.199009230743234866e+01
2.898431376008583804e+00 3.017170620328283537e+00 4.461285701438923862e-02 2.192989675803864458e+01
2.927561095619465537e+00 3.050464435999863611e+00 4.384997731746573951e-02 2.186962623920999960e+01
2.956983573779551122e+00 3.084822328816595238e+00 4.310060908543712072e-02 2.180928544708087102e+01
2.986701752761176110e+00 3.120303022170082485e+00 4.236450589838269137e-02 2.174887559368565704e+01
3.016718604407003568e+00 3.157060541499371098e+00 4.164143442362729791e-02 2.168839347610407131e+01
3.047037130427212137e+00 3.195100091740024517e+00 4.093115243220109278e-02 2.162784272542364050e+01
3.077660362699669694e+00 3.234411661626260592e+00 4.023342122229450063e-02 2.156722760610283274e+01
3.108591363573122379e+00 3.274984849161458378e+00 3.954800687403559750e-02 2.150655232747605439e+01
3.139833226173433633e+00 3.316822174903230280e+00 3.887468126837888283e-02 2.144582042463665772e+01
3.171389074712899880e+00 3.359924547990640331e+00 3.821322069074076927e-02 2.138503543871712509e+01
3.203262064802669062e+00 3.404288778225559309e+00 3.756340553818797445e-02 2.132420103295899239e+01
3.235455383768313542e+00 3.449868478062804389e+00 3.692501705480497748e-02 2.126332283118969713e+01
3.267972250968556036e+00 3.496636848779507201e+00 3.629784257661237273e-02 2.120240544478134836e+01
3.300815918117215197e+00 3.544582442820479518e+00 3.568167495850615295e-02 2.114145268532443467e+01
3.333989669608374840e+00 3.593655331170264144e+00 3.507630813754610694e-02 2.108047012224023220e+01
3.367496822844828763e+00 3.643776935919538218e+00 3.448153807007587474e-02 2.101946458792335193e+01
3.401340728569824279e+00 3.694961516276387137e+00 3.389717213200803270e-02 2.095843840290675075e+01
3.435524771202137284e+00 3.747201472435501834e+00 3.332301974412366086e-02 2.089739487774842175e+01
3.470052369174516649e+00 3.800308873094038198e+00 3.275888048968145921e-02 2.083634589659826730e+01
3.504926975275533874e+00 3.854244970355084288e+00 3.220456960548102876e-02 2.077529603618669896e+01
3.540152076994861119e+00 3.908997744430974919e+00 3.165990799931226590e-02 2.071424851258052158e+01
3.575731196872023787e+00 3.964417192035719850e+00 3.112471000469233667e-02 2.065321316159282361e+01
3.611667892848660077e+00 4.020446289380376292e+00 3.059880075174800998e-02 2.059219517285829681e+01
3.647965758624314603e+00 4.077079047911541743e+00 3.008201254209240741e-02 2.053119717569328273e+01
3.684628424015812254e+00 4.134189892489876783e+00 2.957417244696548819e-02 2.047022759349911070e+01
3.721659555320246504e+00 4.191666052876638737e+00 2.907511216802693976e-02 2.040929408881332208e+01
3.759062855681605253e+00 4.249518133416828825e+00 2.858467545703121879e-02 2.034839817295337738e+01
3.796842065461095483e+00 4.307706502263441095e+00 2.810270556152673349e-02 2.028754378244904188e+01
3.835000962611177400e+00 4.366085603300104090e+00 2.762904168361140708e-02 2.022674000330448152e+01
3.873543363053365329e+00 4.424648176396618560e+00 2.716353573386980774e-02 2.016598895151987136e+01
3.912473121059822478e+00 4.483387737875151657e+00 2.670604248702746625e-02 2.010529263934319388e+01
3.951794129638789510e+00 4.542187335725254016e+00 2.625641223143391698e-02 2.004465854006891590e+01
3.991510320923894017e+00 4.601010899779974572e+00 2.581450365482646989e-02 1.998408995713521108e+01
4.031625666567360433e+00 4.659864304286637449e+00 2.538018087009488374e-02 1.992358801614804165e+01
4.072144178137182102e+00 4.718742421417855049e+00 2.495330981754368196e-02 1.986315433498589300e+01
4.113069907518283941e+00 4.777614471726637113e+00 2.453375735092282531e-02 1.980279175974709815e+01
4.154406947317705878e+00 4.836474465879032181e+00 2.412139442556703040e-02 1.974250180423674550e+01
4.196159431273877694e+00 4.895318223857115569e+00 2.371609452425606224e-02 1.968228582374089797e+01
4.238331534669987910e+00 4.954130716484616670e+00 2.331773282870728409e-02 1.962214566469754118e+01
4.280927474751520023e+00 5.012905339856422060e+00 2.292618738366476380e-02 1.956208266978559251e+01
4.323951511147978266e+00 5.071651755341178180e+00 2.254133947217114992e-02 1.950209728134589682e+01
4.367407946298856203e+00 5.130379503170435562e+00 2.216307253903917682e-02 1.944218988746019505e+01
4.411301125883882790e+00 5.189092320664905778e+00 2.179127181576079667e-02 1.938236111830850916e+01
4.455635439257594754e+00 5.247784891389039252e+00 2.142582411504138570e-02 1.932261201508906723e+01
4.500415319888273480e+00 5.306432092333829509e+00 2.106661721072800378e-02 1.926294459201187337e+01
4.545645245801301471e+00 5.365031428850974393e+00 2.071354227385489508e-02 1.920335961122300716e+01
4.591329740026957928e+00 5.423618770888855245e+00 2.036649462113031619e-02 1.914385575622946689e+01
4.637473371052738713e+00 5.482226542627249621e+00 2.002537119906560789e-02 1.908443185199840997e+01
4.684080753280198905e+00 5.540850454559863358e+00 1.969006875686308070e-02 1.902508861123479988e+01
4.731156547486400576e+00 5.599486101104178992e+00 1.936048592835741197e-02 1.896582669652103093e+01
4.778705461289995071e+00 5.658169102976496667e+00 1.903652535837081078e-02 1.890664457212423955e+01
4.826732249621985993e+00 5.717011672120178467e+00 1.871809543126279340e-02 1.884753657882825451e+01
4.875241715201229731e+00 5.776010359389995408e+00 1.840509988235227573e-02 1.878850322596371214e+01
4.924238709014707283e+00 5.835153544739984710e+00 1.809744377832772297e-02 1.872954540844598625e+01
4.973728130802633096e+00 5.894432693241628662e+00 1.779503408945556919e-02 1.867066380089605460e+01
5.023714929548427577e+00 5.953937602889235237e+00 1.749778450303505692e-02 1.861185368978917154e+01
5.074204103973618096e+00 6.013703696906482321e+00 1.720560732227452774e-02 1.855311330587134222e+01
5.125200703037724459e+00 6.073715951456737372e+00 1.691841385102942422e-02 1.849444358503736652e+01
5.176709826443149254e+00 6.133947375948290315e+00 1.663611643398084025e-02 1.843584606631029033e+01
5.228736625145157468e+00 6.194431406889156833e+00 1.635863201042681361e-02 1.837731890847980054e+01
5.281286301866975563e+00 6.255303771726858919e+00 1.608588388492468435e-02 1.831885460826961420e+01
5.334364111620066851e+00 6.316564725695344329e+00 1.581778998666173719e-02 1.826045313945079585e+01
5.387975362229638243e+00 6.378198045042282160e+00 1.555426894099001985e-02 1.820211534462116987e+01
5.442125414865426336e+00 6.440187398857497136e+00 1.529524085791327329e-02 1.814384202910853006e+01
5.496819684577822329e+00 6.502637453704812387e+00 1.504063295387179401e-02 1.808562716670231296e+01
5.552063640839373981e+00 6.565694882976773172e+00 1.479037545779213723e-02 1.802746239178264531e+01
5.607862808091742757e+00 6.629354148842221406e+00 1.454439265891476971e-02 1.796934788241808434e+01
5.664222766298157907e+00 6.693606442319571137e+00 1.430261006611602097e-02 1.791128396344904417e+01
5.721149151501403018e+00 6.758447229748174578e+00 1.406495472898860837e-02 1.785327067858865746e+01
5.778647656387438936e+00 6.824052309126457772e+00 1.383136300242474720e-02 1.779529775100843025e+01
5.836724030854669287e+00 6.890505959037153794e+00 1.360176803563601516e-02 1.773736016825420592e+01
5.895384082588937424e+00 6.957773931202913431e+00 1.337609890368836492e-02 1.767945967795389706e+01
5.954633677644300072e+00 7.025831118358837557e+00 1.315428640389570795e-02 1.762159746073461974e+01
6.014478741029639863e+00 7.094714872647595705e+00 1.293626527626992768e-02 1.756377104392684885e+01
6.074925257301163839e+00 7.164720722016078014e+00 1.272198223876720713e-02 1.750596296625713677e+01
6.135979271160874049e+00 7.235897180606338353e+00 1.251137416031596582e-02 1.744817018297418088e+01
6.197646888061031589e+00 7.308224833669903830e+00 1.230437617197303532e-02 1.739039357779224915e+01
6.259934274814719757e+00 7.381683058516457230e+00 1.210092454732122208e-02 1.733263407752032492e+01
6.322847660212517873e+00 7.456413619883674571e+00 1.190096334441983865e-02 1.727488298237931375e+01
6.386393335645395020e+00 7.532741023589178297e+00 1.170444469664097716e-02 1.721712086222892069e+01
6.450577655733847671e+00 7.610669323812347287e+00 1.151130838771624067e-02 1.715934727415877248e+01
6.515407038963374475e+00 7.690200004441926751e+00 1.132149518045455147e-02 1.710156190548393340e+01
6.580887968326321058e+00 7.771370261729835249e+00 1.113494830542076028e-02 1.704376227477058237e+01
6.647026991970192533e+00 7.854602043349333762e+00 1.095162685346961172e-02 1.698592278680333223e+01
6.713830723852467486e+00 7.940010059836072998e+00 1.077147825264888198e-02 1.692803642964581812e+01
6.781305844402005789e+00 8.027566912237329433e+00 1.059444535350006697e-02 1.687010474443851393e+01
6.849459101187092003e+00 8.117270899905541626e+00 1.042047305694984716e-02 1.681212768080159492e+01
6.918297309590197841e+00 8.209571954951204731e+00 1.024952413896003563e-02 1.675407759130838059e+01
6.987827353489528548e+00 8.304752042357012698e+00 1.008155519476991446e-02 1.669593722747301712e+01
7.058056185947418903e+00 8.402830649743782132e+00 9.916513679255792302e-03 1.663770541362356781e+01
7.128990829905637483e+00 8.503837614560787017e+00 9.754348373790173651e-03 1.657938031122737854e+01
7.200638378887690649e+00 8.608306113878425592e+00 9.595027113761303225e-03 1.652092882347604785e+01
7.273005997708184900e+00 8.716527079384407628e+00 9.438508983973718444e-03 1.646233303541066206e+01
7.346100923189308851e+00 8.828543242701996974e+00 9.284744752942584306e-03 1.640359046734157289e+01
7.419930464884521903e+00 8.944523156100704142e+00 9.133690505729747874e-03 1.634469067980128543e+01
7.494502005809518863e+00 9.065122635870512369e+00 8.985319892258203378e-03 1.628559253592620237e+01
7.569823003180536247e+00 9.190514210783916837e+00 8.839589668815438922e-03 1.622628548244671265e+01
7.645900989160076655e+00 9.320780583420578580e+00 8.696454194635081653e-03 1.616676460377566471e+01
7.722743571610140911e+00 9.456451708518867960e+00 8.555883834316185821e-03 1.610699632497292555e+01
7.800358434853006173e+00 9.597832211875717334e+00 8.417841357920785583e-03 1.604696157007530743e+01
7.878753340439676123e+00 9.745005209316255801e+00 8.282282615066062503e-03 1.598665541089110853e+01
7.957936127926041436e+00 9.898289453778101432e+00 8.149172085214789751e-03 1.592605756749020784e+01
8.037914715656834019e+00 1.005796588964800087e+01 8.018473393423814280e-03 1.586515019662824422e+01
8.118697101557474483e+00 1.022413845466218696e+01 7.890144891403884711e-03 1.580392690356251073e+01
8.200291363933876809e+00 1.039677588071389458e+01 7.764141302144278792e-03 1.574239011444973002e+01
8.282705662280269721e+00 1.057591326253418629e+01 7.640420449711453170e-03 1.568053778147911537e+01
8.365948238095169742e+00 1.076152272708359803e+01 7.518938950456352695e-03 1.561837202109778211e+01
8.450027415705525513e+00 1.095305561169323383e+01 7.399637806308547415e-03 1.555592962106511301e+01
8.534951603099166562e+00 1.115045429426191070e+01 7.282475133523389453e-03 1.549321445038013501e+01
8.620729292765599183e+00 1.135314438049067043e+01 7.167393651224207574e-03 1.543026537621165062e+01
8.707369062545273763e+00 1.156033544634801302e+01 7.054331009961183410e-03 1.536713579942154873e+01
8.794879576487367956e+00 1.177189304752276122e+01 6.943246857075957221e-03 1.530383474646215447e+01
8.883269585716201178e+00 1.198650882638575688e+01 6.834065576803287703e-03 1.524045181778013713e+01
8.972547929306355030e+00 1.220379343391965143e+01 6.726742051879938677e-03 1.517701349052393134e+01
9.062723535166590239e+00 1.242302792463408778e+01 6.621222111832104733e-03 1.511356952047531088e+01
9.153805420932631165e+00 1.264299740340170253e+01 6.517438201103616796e-03 1.505020422973358230e+01
9.245802694868967109e+00 1.286363437925167297e+01 6.415359170407140474e-03 1.498692209262998709e+01
9.338724556779649077e+00 1.308375793740244042e+01 6.314921140160725289e-03 1.492380632639069660e+01
9.432580298928304074e+00 1.330288416285643116e+01 6.216082929210704419e-03 1.486089092019028968e+01
9.527379306967365125e+00 1.352080819405476042e+01 6.118812515003175904e-03 1.479819038144309751e+01
9.623131060876630727e+00 1.373643438804841033e+01 6.023052413825735057e-03 1.473578323732886552e+01
9.719845135911286960e+00 1.394958980581658992e+01 5.928773796367290717e-03 1.467368177947199825e+01
9.817531203559429542e+00 1.416010004395355715e+01 5.835948310277449223e-03 1.461189864367696067e+01
9.916199032509233291e+00 1.436714071134736947e+01 5.744529457257342188e-03 1.455049396850869314e+01
1.001585848962581693e+01 1.457065861716948696e+01 5.654494187634065763e-03 1.448947154815902216e+01
1.011651954093793648e+01 1.477066727203155772e+01 5.565821730259213652e-03 1.442883033623652622e+01
1.021819225263461206e+01 1.496652098331589364e+01 5.478472928868014478e-03 1.436861833875495442e+01
1.032088679207173954e+01 1.515812633793939135e+01 5.392425317771184536e-03 1.430884240352916237e+01
1.042461342878883990e+01 1.534552901463385055e+01 5.307660725781554283e-03 1.424949901234653460e+01
1.052938253553602799e+01 1.552863761842276524e+01 5.224157403987384450e-03 1.419059503248486109e+01
1.063520458931128410e+01 1.570712342653995108e+01 5.141887483638874108e-03 1.413215530727103797e+01
1.074209017240817055e+01 1.588111120340775706e+01 5.060836238978041329e-03 1.407417012982125293e+01
1.085004997347407141e+01 1.605072652302684588e+01 4.980989118543588910e-03 1.401662964483593221e+01
1.095909478857905484e+01 1.621603829514657491e+01 4.902330171813758415e-03 1.395952831755168688e+01
1.106923552229550722e+01 1.637699699079802684e+01 4.824840466763335826e-03 1.390286974928117480e+01
1.118048318878858538e+01 1.653370799901098209e+01 4.748505571770435772e-03 1.384664539981470277e+01
1.129284891291763948e+01 1.668628774918352420e+01 4.673311507726040336e-03 1.379084578708297926e+01
1.140634393134872582e+01 1.683484827152624774e+01 4.599244323212446119e-03 1.373546169586479415e+01
1.152097959367826441e+01 1.697954073632480032e+01 4.526291250618611796e-03 1.368048069737234584e+01
1.163676736356801911e+01 1.712056448145657583e+01 4.454440873861631976e-03 1.362588643974741309e+01
1.175371881989146949e+01 1.725801149821209890e+01 4.383679031004171153e-03 1.357167109762160528e+01
1.187184565789170421e+01 1.739197089578906841e+01 4.313991647377809872e-03 1.351782701794550690e+01
1.199115969035096896e+01 1.752250554062923626e+01 4.245364133688579039e-03 1.346434863549130334e+01
1.211167284877193495e+01 1.764966186700179662e+01 4.177781673181421400e-03 1.341123167397954852e+01
1.223339718457087066e+01 1.777358686216379979e+01 4.111232206281725463e-03 1.335846352011035698e+01
1.235634487028279871e+01 1.789442915347169105e+01 4.045703794574740525e-03 1.330603137603261565e+01
1.248052820077874081e+01 1.801225944070984752e+01 3.981182639745324200e-03 1.325392884587032505e+01
1.260595959449523384e+01 1.812714566936346472e+01 3.917655044753147291e-03 1.320214972164368739e+01
1.273265159467618091e+01 1.823915382060405932e+01 3.855107433962339566e-03 1.315068792064077741e+01
1.286061687062717240e+01 1.834834799598553801e+01 3.793526355010825614e-03 1.309953748095562887e+01
1.298986821898244237e+01 1.845479049722163367e+01 3.732898480464986492e-03 1.304869255729750321e+01
1.312041856498453818e+01 1.855860227914765659e+01 3.673212078379733611e-03 1.299814221843133666e+01
1.325228096377685105e+01 1.865999467637979947e+01 3.614457681221644372e-03 1.294786773137033187e+01
1.338546860170914599e+01 1.875901560597352358e+01 3.556621929618569017e-03 1.289786440636931708e+01
1.351999479765620471e+01 1.885570684370511785e+01 3.499691498372938490e-03 1.284812806280044484e+01
1.365587300434972740e+01 1.895010932631736722e+01 3.443653225295930428e-03 1.279865457399723638e+01
1.379311680972362275e+01 1.904225507204916923e+01 3.388493919395562520e-03 1.274944058380045497e+01
1.393173993827278601e+01 1.913215052592539323e+01 3.334199983761965049e-03 1.270048498219256672e+01
1.407175625242560102e+01 1.921983327800544572e+01 3.280758751862179225e-03 1.265178388160274991e+01
1.421317975393016475e+01 1.930534524101373961e+01 3.228157831447029443e-03 1.260333299334368640e+01
1.435602458525447389e+01 1.938875205295118320e+01 3.176385542529352492e-03 1.255512586275153986e+01
1.450030503100070334e+01 1.947022414839332072e+01 3.125432716125487505e-03 1.250714652839241126e+01
1.464603551933365999e+01 1.954981484145172033e+01 3.075287584261195313e-03 1.245938962932434535e+01
1.479323062342361972e+01 1.962755114251221755e+01 3.025937947873100133e-03 1.241185218078807573e+01
1.494190506290365583e+01 1.970345972018949254e+01 2.977371777043664146e-03 1.236453122259265669e+01
1.509207370534161008e+01 1.977756690970773334e+01 2.929577208970158501e-03 1.231742381893689497e+01
1.524375156772686957e+01 1.984989872095648167e+01 2.882542545950833243e-03 1.227052705824071666e+01
1.539695381797207041e+01 1.992048084623838022e+01 2.836256253388289624e-03 1.222383805298661485e+01
1.555169577642990753e+01 1.998933866772335932e+01 2.790706957810513630e-03 1.217735393956937529e+01
1.570799291742517489e+01 2.005649726462429783e+01 2.745883444909552086e-03 1.213107187815409560e+01
1.586586087080222285e+01 2.012197979219061494e+01 2.701774622721871567e-03 1.208498920854203718e+01
1.602531542348794602e+01 2.018578293314785199e+01 2.658369002477923519e-03 1.203910580215354642e+01
1.618637252107048852e+01 2.024792569166897138e+01 2.615655750576677350e-03 1.199341938577925148e+01
1.634904826939383327e+01 2.030846119933649163e+01 2.573624907061918682e-03 1.194792437912976624e+01
1.651335893616836614e+01 2.036744873591384319e+01 2.532266763748283397e-03 1.190261460046258790e+01
1.667932095259769198e+01 2.042490945549250370e+01 2.491570950890817284e-03 1.185748756966006745e+01
1.684695091502176112e+01 2.048086348849202665e+01 2.451527231765960810e-03 1.181254090555824021e+01
1.701626558657650179e+01 2.053533081792702575e+01 2.412125519099307582e-03 1.176777224119764753e+01
1.718728189887017166e+01 2.058833128134779145e+01 2.373355873019760386e-03 1.172317922390741707e+01
1.736001695367651010e+01 2.063988457272165888e+01 2.335208499041866934e-03 1.167875951538497858e+01
1.753448802464494705e+01 2.069001024425876523e+01 2.297673746075948927e-03 1.163451079177108127e+01
1.771071255902797148e+01 2.073872770818543643e+01 2.260742104465631938e-03 1.159043074371959037e+01
1.788870817942587266e+01 2.078605623846818418e+01 2.224404204052291695e-03 1.154651707646215719e+01
1.806849268554902110e+01 2.083201497249198297e+01 2.188650812266120134e-03 1.150276750986690644e+01
1.825008405599784922e+01 2.087662231130251200e+01 2.153472820516315507e-03 1.145917984089365582e+01
1.843350045006073756e+01 2.091986367226254728e+01 2.118860622400619512e-03 1.141575528754085411e+01
1.861876020952993116e+01 2.096173758482235527e+01 2.084805026957784000e-03 1.137249370966179995e+01
1.880588186053576294e+01 2.100226533812365304e+01 2.051297421944213179e-03 1.132939260611493282e+01
1.899488411539926958e+01 2.104146795411393711e+01 2.018329317891715251e-03 1.128644950294303051e+01
1.918578587450343420e+01 2.107936619343780649e+01 1.985892346631248397e-03 1.124366195310301642e+01
1.937860622818326561e+01 2.111598056115884958e+01 1.953978259828435989e-03 1.120102753619590352e+01
1.957336445863480279e+01 2.115133131232011010e+01 1.922578927531101711e-03 1.115854385819579875e+01
1.977008004184339285e+01 2.118543845735141318e+01 1.891686336728909791e-03 1.111620855117717177e+01
1.996877264953129227e+01 2.121832439155710048e+01 1.861292637940520573e-03 1.107401898736614498e+01
2.016946215112484353e+01 2.125002633193584245e+01 1.831390365779191455e-03 1.103197092387508782e+01
2.037216861574144744e+01 2.128056589991852832e+01 1.801971877362629681e-03 1.099006181714840835e+01
2.057691231419648759e+01 2.130996043415454366e+01 1.773029567613055918e-03 1.094828959199616314e+01
2.078371372103043413e+01 2.133822712573462255e+01 1.744555944324278343e-03 1.090665219135774677e+01
2.099259351655630468e+01 2.136538302063107508e+01 1.716543626651999234e-03 1.086514757615784532e+01
2.120357258892770957e+01 2.139142601952633527e+01 1.688985010202557601e-03 1.082377586185786456e+01
2.141667203622771609e+01 2.141634660814228042e+01 1.661872488722101636e-03 1.078253800329682832e+01
2.163191316857863100e+01 2.144016104680112633e+01 1.635199028548950037e-03 1.074143205913450849e+01
2.184931751027305324e+01 2.146288606233139262e+01 1.608957711377071017e-03 1.070045603717572469e+01
2.206890680192633525e+01 2.148453824479100760e+01 1.583141722101142268e-03 1.065960796224343810e+01
2.229070300265062343e+01 2.150513404964194208e+01 1.557744347428350858e-03 1.061888587600110334e+01
2.251472829225082251e+01 2.152468979990559816e+01 1.532758974507263464e-03 1.057828783676459139e+01
2.274100507344258659e+01 2.154322168830232798e+01 1.508179089573539891e-03 1.053781191930340633e+01
2.296955597409259298e+01 2.156074577937877734e+01 1.483998276612411406e-03 1.049745621463011958e+01
2.320040384948136847e+01 2.157727801162628367e+01 1.460210216037703332e-03 1.045721882977768402e+01
2.343357178458882473e+01 2.159283419959374228e+01 1.436808683387125240e-03 1.041709788756490163e+01
2.366908309640278318e+01 2.160743003599885625e+01 1.413787548033873390e-03 1.037709152634794307e+01
2.390696133625068853e+01 2.162108109384067589e+01 1.391140771914220389e-03 1.033719789975846126e+01
2.414723029215474170e+01 2.163380282851768754e+01 1.368862408270989702e-03 1.029741517642717774e+01
2.438991399121078274e+01 2.164559983504866025e+01 1.346946427857487845e-03 1.025774285379612216e+01
2.463503670199093420e+01 2.165645184420490921e+01 1.325386505476097623e-03 1.021818347518909853e+01
2.488262293697054517e+01 2.166636993281196766e+01 1.304176922989228006e-03 1.017873575721058010e+01
2.513269745497944285e+01 2.167536831142827936e+01 1.283312101295708578e-03 1.013939803403943074e+01
2.538528526367782945e+01 2.168346123414359639e+01 1.262786548743882265e-03 1.010016863513132712e+01
2.564041162205705859e+01 2.169066299634408423e+01 1.242594859781810061e-03 1.006104588516746823e+01
2.589810204296556861e+01 2.169698793260129221e+01 1.222731713631392166e-03 1.002202810397937860e+01
2.615838229566020345e+01 2.170245041468735181e+01 1.203191872985979885e-03 9.983113606448496213e+00
2.642127840838312736e+01 2.170706484971977090e+01 1.183970182731066290e-03 9.944300702379273105e+00
2.668681667096469567e+01 2.171084567843861279e+01 1.165061568687704354e-03 9.905587696343964410e+00
2.695502363745244168e+01 2.171380737362017044e+01 1.146461036378131721e-03 9.866972887498693723e+00
2.722592612876653106e+01 2.171596443863030501e+01 1.128163669813274676e-03 9.828454569368885174e+00
2.749955123538184765e+01 2.171733140612222002e+01 1.110164630301754439e-03 9.790031029602555890e+00
2.777592632003706896e+01 2.171792283688275305e+01 1.092459155280094173e-03 9.751700549689230613e+00
2.805507902047098057e+01 2.171775010047107202e+01 1.075042509633781151e-03 9.713461834096277059e+00
2.833703725218624214e+01 2.171678856643229594e+01 1.057909507889937028e-03 9.675318395676224981e+00
2.862182921124100332e+01 2.171504238369198703e+01 1.041055478281924631e-03 9.637269913320100301e+00
2.890948337706849003e+01 2.171252621098116720e+01 1.024475976626115434e-03 9.599314660803862864e+00
2.920002851532500188e+01 2.170925465092518891e+01 1.008166627527324168e-03 9.561450914980097693e+00
2.949349368076648403e+01 2.170524225170219879e+01 9.921231234140909325e-04 9.523676955217093010e+00
2.978990822015403594e+01 2.170050350882053181e+01 9.763412235886265991e-04 9.485991062799795870e+00
3.008930177518860560e+01 2.169505286702124991e+01 9.608167532911500225e-04 9.448391520291719914e+00
3.039170428547520331e+01 2.168890472231359468e+01 9.455456027787081334e-04 9.410876610853561530e+00
3.069714599151685164e+01 2.168207342415087879e+01 9.305237264181667701e-04 9.373444617517824540e+00
3.100565743773868732e+01 2.167457327775532150e+01 9.157471417934079198e-04 9.336093822415488575e+00
3.131726947554243523e+01 2.166641854660091937e+01 9.012119288266550897e-04 9.298822505951637396e+00
3.163201326639154232e+01 2.165762345506395903e+01 8.869142289137357717e-04 9.261628945928007894e+00
3.194992028492739422e+01 2.164820219125194711e+01 8.728502440733243700e-04 9.224511416607995784e+00
3.227102232211675670e+01 2.163816891002209175e+01 8.590162361101530116e-04 9.187468187719929347e+00
3.259535148843093566e+01 2.162749710933105973e+01 8.454079756487022958e-04 9.150503478018171322e+00
3.292294021705684770e+01 2.161615905910957025e+01 8.320212983892791682e-04 9.113621709340248955e+00
3.325382126714033859e+01 2.160416837783372657e+01 8.188526689205064555e-04 9.076821249908167744e+00
3.358802772706215478e+01 2.159153869193956510e+01 8.058986080655969938e-04 9.040100456658244354e+00
3.392559301774678460e+01 2.157828356030243100e+01 7.931556910567647955e-04 9.003457685794101550e+00
3.426655089600461679e+01 2.156441647828083674e+01 7.806205468074350418e-04 8.966891291657187679e+00
3.461093545790760828e+01 2.154995088194502273e+01 7.682898571958116356e-04 8.930399625530775154e+00
3.495878114219893718e+01 2.153490015250545753e+01 7.561603563599311175e-04 8.893981034371870820e+00
3.531012273373688259e+01 2.151927762095698782e+01 7.442288300042755860e-04 8.857633859465876114e+00
3.566499536697341455e+01 2.150309657295626664e+01 7.324921147179813772e-04 8.821356434998932627e+00
3.602343452946757196e+01 2.148637025395099798e+01 7.209470973048808353e-04 8.785147086540371575e+00
3.638547606543429680e+01 2.146911187458179171e+01 7.095907141254318177e-04 8.749004129429218679e+00
3.675115617932890189e+01 2.145133461637914252e+01 6.984199504507785554e-04 8.712925867056423357e+00
3.712051143946750642e+01 2.143305163777959521e+01 6.874318398290916446e-04 8.676910589034886101e+00
3.749357878168391522e+01 2.141426031709828948e+01 6.766232638047777219e-04 8.640959119042699754e+00
3.787039551302324725e+01 2.139489702436907592e+01 6.659903930917781883e-04 8.605082175050867477e+00
3.825099931547265442e+01 2.137496312161705347e+01 6.555302895742165818e-04 8.569279994756424657e+00
3.863542824972955003e+01 2.135447333680088278e+01 6.452402303070557026e-04 8.533550633970097721e+00
3.902372075900770199e+01 2.133344245916306647e+01 6.351175365440321153e-04 8.497892114977968703e+00
3.941591567288163844e+01 2.131188534503387189e+01 6.251595731578467275e-04 8.462302424205930151e+00
3.981205221116957205e+01 2.128981692417091054e+01 6.153637480763147170e-04 8.426779509702672755e+00
4.021216998785543950e+01 2.126725220667682947e+01 6.057275117348405067e-04 8.391321278425282415e+00
4.061630901505034785e+01 2.124420629054379361e+01 5.962483565456230643e-04 8.355925593309935451e+00
4.102450970699379695e+01 2.122069436987781899e+01 5.869238163841383965e-04 8.320590270107521391e+00
4.143681288409515417e+01 2.119673163905167002e+01 5.777514648172562368e-04 8.285313092264098955e+00
4.185325977701570110e+01 2.117233035632683169e+01 5.687288791772959675e-04 8.250092322502151632e+00
4.227389203079179225e+01 2.114750410794940549e+01 5.598536925022332047e-04 8.214925960667470051e+00
4.269875170899931760e+01 2.112226736664287685e+01 5.511235870076731979e-04 8.179811817148081587e+00
4.312788129796017245e+01 2.109663471520914513e+01 5.425362839932060515e-04 8.144747645620176613e+00
4.356132371099081979e+01 2.107056802803849394e+01 5.340889152034398882e-04 8.109740677612098381e+00
4.399912229269379793e+01 2.104401443813856787e+01 5.257784964993307639e-04 8.074800881961330390e+00
4.444132082329210220e+01 2.101698567894392156e+01 5.176028617601178368e-04 8.039926592629337065e+00
4.488796352300730064e+01 2.098949463236218094e+01 5.095598937816980985e-04 8.005115902946638329e+00
4.533909505648156113e+01 2.096155424100544451e+01 5.016475107115883928e-04 7.970366859521992531e+00
4.579476053724416573e+01 2.093317752083799377e+01 4.938636656865092638e-04 7.935677457867850393e+00
4.625500553222293121e+01 2.090437757484493986e+01 4.862063464882465007e-04 7.901045637650682352e+00
4.671987606630087697e+01 2.087516760782852288e+01 4.786735752189923815e-04 7.866469277526594972e+00
4.718941862691881539e+01 2.084556094245278146e+01 4.712634079975883822e-04 7.831946189516605372e+00
4.766368016872409186e+01 2.081557103667240582e+01 4.639739346782595516e-04 7.797474112870547813e+00
4.814270811826609275e+01 2.078521150269920881e+01 4.568032785936825576e-04 7.763050707361419001e+00
4.862655037873899744e+01 2.075449612768025531e+01 4.497495963244423469e-04 7.728673545944903189e+00
4.911525533477203709e+01 2.072343889628515612e+01 4.428110774972761061e-04 7.694340106709065985e+00
4.960887185726804205e+01 2.069205401542710376e+01 4.359859446149061055e-04 7.660047764027940964e+00
5.010744930829066845e+01 2.066035275467497101e+01 4.292724164341377353e-04 7.625794426983853569e+00
5.061103754600046045e+01 2.062822470804936970e+01 4.226673605480855793e-04 7.591602763873216198e+00
5.111968692964085648e+01 2.059562101268345558e+01 4.161684082250595136e-04 7.557483157957578079e+00
5.163344832457409694e+01 2.056255829389700551e+01 4.097739718981065313e-04 7.523432665780274142e+00
5.215237310736781495e+01 2.052905351661996391e+01 4.034824939399687710e-04 7.489448203431753548e+00
5.267651317093272212e+01 2.049512401557241859e+01 3.972924466029416845e-04 7.455526534822403129e+00
5.320592092971196507e+01 2.046078752870706907e+01 3.912023320043069127e-04 7.421664258698591254e+00
5.374064932492259317e+01 2.042606223433672241e+01 3.852106821625543424e-04 7.387857794235379139e+00
5.428075182984974134e+01 2.039096679243602139e+01 3.793160590905230410e-04 7.354103365011869897e+00
5.482628245519396870e+01 2.035552039068635111e+01 3.735170549525627048e-04 7.320396981144712711e+00
5.537729575447245622e+01 2.031974279592696675e+01 3.678122922941908261e-04 7.286734419315116895e+00
5.593384682947429098e+01 2.028365441178825890e+01 3.622004243540797837e-04 7.253111200381751722e+00
5.649599133577074639e+01 2.024727577051457317e+01 3.566801290591520984e-04 7.219522693979238070e+00
5.706378548828094210e+01 2.021060606196012444e+01 3.512498702984531338e-04 7.185968991552365459e+00
5.763728606689328160e+01 2.017365324459989750e+01 3.459082373430095265e-04 7.152448138263971522e+00
5.821655042214354125e+01 2.013643114637671161e+01 3.406539088947566638e-04 7.118956765488647420e+00
5.880163648094995921e+01 2.009879381178479463e+01 3.354838175150950887e-04 7.085528776799182360e+00
5.939260275240600606e+01 2.006069258041145886e+01 3.303960302025794773e-04 7.052175836538602027e+00
5.998950833363129931e+01 2.002214369298135566e+01 3.253893617816776252e-04 7.018894475019894053e+00
6.059241291568136489e+01 1.998316398202081245e+01 3.204626542229635456e-04 6.985680974009477850e+00
6.120137678951685700e+01 1.994377094239385784e+01 3.156147771414714322e-04 6.952531339000879385e+00
6.181646085203261975e+01 1.990398281150737247e+01 3.108446284161515884e-04 6.919441267615885849e+00
6.243772661214746478e+01 1.986381866083107184e+01 3.061511349508684631e-04 6.886406113463888090e+00
6.306523619695513361e+01 1.982329850071903010e+01 3.015332536019117563e-04 6.853420844646526788e+00
6.369905235793704890e+01 1.978244340094275344e+01 2.969899723023501767e-04 6.820479995922251071e+00
6.433923847723747258e+01 1.974127562987743545e+01 2.925203114205313960e-04 6.787577613323839465e+00
6.498585857400182419e+01 1.969981881595358431e+01 2.881233253987092180e-04 6.754707189745312590e+00
6.563897731077864250e+01 1.965809813583813437e+01 2.837981047290528318e-04 6.721861589658264080e+00
6.629865999998587256e+01 1.961614053490181320e+01 2.795437783385214996e-04 6.689032960666175143e+00
6.696497261044216032e+01 1.957397498694025373e+01 2.753595164729050020e-04 6.656212629013350757e+00
6.763798177396382982e+01 1.953162998208883749e+01 2.712445027670521867e-04 6.623391742814669136e+00
6.831775479202806878e+01 1.948893944584905569e+01 2.671957799772296869e-04 6.590614403793483511e+00
6.900435964250314669e+01 1.944578258354291833e+01 2.632109382286537268e-04 6.557913364958412039e+00
6.969786498644631934e+01 1.940218146081828010e+01 2.592891814126270034e-04 6.525282553958939857e+00
7.039834017496988849e+01 1.935815989428310502e+01 2.554297494950504921e-04 6.492715175495332502e+00
7.110585525617641167e+01 1.931371445497313388e+01 2.516315940207176959e-04 6.460212006446526267e+00
7.182048098216364451e+01 1.926878915350804888e+01 2.478930998727989481e-04 6.427788989846025203e+00
7.254228881609968482e+01 1.922339349495132410e+01 2.442134053465305527e-04 6.395443411442162329e+00
7.327135093936944088e+01 1.917753931382199539e+01 2.405916913524809748e-04 6.363171744718476575e+00
7.400774025879280771e+01 1.913123949197760609e+01 2.370271669719602983e-04 6.330969992726870110e+00
7.475153041391536135e+01 1.908450818560172735e+01 2.335190719752775835e-04 6.298833594241589395e+00
7.550279578437246641e+01 1.903736110714924834e+01 2.300666800199304102e-04 6.266757306816303164e+00
7.626161149732722322e+01 1.898981587863208631e+01 2.266693027338259169e-04 6.234735059772837040e+00
7.702805343498324930e+01 1.894189247853027780e+01 2.233262949636614968e-04 6.202759767612425534e+00
7.780219824217304847e+01 1.889361381305319654e+01 2.200370615761912158e-04 6.170823090705400027e+00
7.858412333402243632e+01 1.884500645475026914e+01 2.168010663572437287e-04 6.138915124815602198e+00
7.937390690369221602e+01 1.879600387331808165e+01 2.136167182287669023e-04 6.107056171394160238e+00
8.017162793019750211e+01 1.874632598006046891e+01 2.104799878005764310e-04 6.075338125410221224e+00
8.097736618630572991e+01 1.869596771255757517e+01 2.073900304566128226e-04 6.043764016995828214e+00
8.179120224651393301e+01 1.864495074281452958e+01 2.043463230628211490e-04 6.012327882651129940e+00
8.261321749510636892e+01 1.859330047877992698e+01 2.013483992300900242e-04 5.981022188420835661e+00
8.344349413429289086e+01 1.854104718281048747e+01 1.983958628878416106e-04 5.949837347920684749e+00
8.428211519242930194e+01 1.848822751852492630e+01 1.954884072069445241e-04 5.918761053324662846e+00
8.512916453232030278e+01 1.843483337495947438e+01 1.926252103871909651e-04 5.887796618308930086e+00
8.598472685960574324e+01 1.838081269457576994e+01 1.898049441602151670e-04 5.856963468207436740e+00
8.684888773123130079e+01 1.832618477035155280e+01 1.870271369445057131e-04 5.826255433401937189e+00
8.772173356400431032e+01 1.827097606210453407e+01 1.842914160419002051e-04 5.795663337010349636e+00
8.860335164323541335e+01 1.821522138783258171e+01 1.815975234111773045e-04 5.765174352158950910e+00
8.949383013146720600e+01 1.815896818322235262e+01 1.789453689964025406e-04 5.734770124313393502e+00
9.039325807729059647e+01 1.810228362001116409e+01 1.763351202942092842e-04 5.704423621630246188e+00
9.130172542424968185e+01 1.804526711308803399e+01 1.737673604824186736e-04 5.674093580168119821e+00
9.221932301983621016e+01 1.798807005413686610e+01 1.712433404135299791e-04 5.643715564653513539e+00
9.314614262457440930e+01 1.793047031292609717e+01 1.687597264543729632e-04 5.613375649424728664e+00
9.408227692119709218e+01 1.787217821429268483e+01 1.663123379244634524e-04 5.583191971472203363e+00
9.502781952391406151e+01 1.781321467089118116e+01 1.639008346001208653e-04 5.553157289992653567e+00
9.598286498777355291e+01 1.775362171735648786e+01 1.615251559820640801e-04 5.523254831061933601e+00
9.694750881811781085e+01 1.769350451343571962e+01 1.591860614130280276e-04 5.493439210121015215e+00
9.792184748013373508e+01 1.763315532003271713e+01 1.568867354825933277e-04 5.463579221212865100e+00
9.890597840849945044e+01 1.757238821375310067e+01 1.546242834231655137e-04 5.433752853909858516e+00
9.990000001712799360e+01 1.751057685858405577e+01 1.523899956635825135e-04 5.404247557559292758e+00
1.001000000171622020e+02 1.749814902046315268e+01 1.519472698927631276e-04 5.398357127110354980e+00
1.011060217424599017e+02 1.743455741073635323e+01 1.497395656365920597e-04 5.369477841675231566e+00
1.021221541541871289e+02 1.737227989204160394e+01 1.475895279776188724e-04 5.339827038384456159e+00
1.031484988664318365e+02 1.730869698645568988e+01 1.454625176722792134e-04 5.310626327231794619e+00
1.041851585145205945e+02 1.724432433015792654e+01 1.433647984221712239e-04 5.281635501450629100e+00
1.052322367652820247e+02 1.717924205777947577e+01 1.412969230407118003e-04 5.252818082668173183e+00
1.062898383274138325e+02 1.711347295929920875e+01 1.392586968304744132e-04 5.224164558549620807e+00
1.073580689619535207e+02 1.704702629006008863e+01 1.372497543922004688e-04 5.195671799392953538e+00
1.084370354928547613e+02 1.697992106032922521e+01 1.352698768640095796e-04 5.167331233464519613e+00
1.095268458176698090e+02 1.691223230472127526e+01 1.333196428065616028e-04 5.139103507660222725e+00
1.106276089183392770e+02 1.684394039643216345e+01 1.313983327578986194e-04 5.110998600404339065e+00
1.117394348720905555e+02 1.677512740580448281e+01 1.295066782378451349e-04 5.082970193076857157e+00
1.128624348624455536e+02 1.670576745495124271e+01 1.276439021934115420e-04 5.055030321677403293e+00
1.139967211903391444e+02 1.663580981930205027e+01 1.258088681978246533e-04 5.027206124847449331e+00
1.151424072853493499e+02 1.656522164726447599e+01 1.240006884050029294e-04 4.999515993143793580e+00
1.162996077170404163e+02 1.649398111706961245e+01 1.222186312985605475e-04 4.971972898883142200e+00
1.174684382064198473e+02 1.642207343660709995e+01 1.204620676323544555e-04 4.944586351262350910e+00
1.186490156375106153e+02 1.634948841919429441e+01 1.187304375670538895e-04 4.917363586863672253e+00
1.198414580690396463e+02 1.627621896651147537e+01 1.170232300261148085e-04 4.890310318545603607e+00
1.210458847462437859e+02 1.620226009165321202e+01 1.153399693395465388e-04 4.863431220540127775e+00
1.222624161127944546e+02 1.612760827359674565e+01 1.136802063681732511e-04 4.836730251172621564e+00
1.234911738228421001e+02 1.605227837614206265e+01 1.120437866376566496e-04 4.810199101984800052e+00
1.247322807531816835e+02 1.597630723854553558e+01 1.104309213466729577e-04 4.783813560070175441e+00
1.259858610155404932e+02 1.589968381298253952e+01 1.088410802798176212e-04 4.757581183494887789e+00
1.272520399689894361e+02 1.582238447705445594e+01 1.072735285293723007e-04 4.731519080659080778e+00
1.285309442324789586e+02 1.574434734410388614e+01 1.057268913103822549e-04 4.705673702711163919e+00
1.298227016975012305e+02 1.566557697424147477e+01 1.042008654886174317e-04 4.680045295005116124e+00
1.311274415408792038e+02 1.558608534696350567e+01 1.026952810474209910e-04 4.654628294088075435e+00
1.324452942376844931e+02 1.550588203930747611e+01 1.012099407008295422e-04 4.629418393818531818e+00
1.337763915742849861e+02 1.542497469672348487e+01 9.974462633256522489e-05 4.604412305714181919e+00
1.351208666615235927e+02 1.534337414989919957e+01 9.829918698799957613e-05 4.579603705612461440e+00
1.364788539480294958e+02 1.526110288778047064e+01 9.687369207233211964e-05 4.554975888238394610e+00
1.378504892336628984e+02 1.517815708178581424e+01 9.546776567051258741e-05 4.530532876491247585e+00
1.392359096830955139e+02 1.509452991520245391e+01 9.408098217704564763e-05 4.506281443218061789e+00
1.406352538395267402e+02 1.501021546792413552e+01 9.271293406479041510e-05 4.482227957416884401e+00
1.420486616385383343e+02 1.492520852871571790e+01 9.136322919029032127e-05 4.458378489546157120e+00
1.434762744220880677e+02 1.483950444064245211e+01 9.003148857716564211e-05 4.434738899899866027e+00
1.449182349526439850e+02 1.475309897228339473e+01 8.871734457474956344e-05 4.411314913876251076e+00
1.463746874274607421e+02 1.466598933674968208e+01 8.742046080958299642e-05 4.388111108073519340e+00
1.478457774929995310e+02 1.457818190015939663e+01 8.614068261604220823e-05 4.365123226730672101e+00
1.493316522594928983e+02 1.448965057712389282e+01 8.487723718054539354e-05 4.342378674077076006e+00
1.508324603156556236e+02 1.440034623153472459e+01 8.362888180116078319e-05 4.319930383096529880e+00
1.523483517435441001e+02 1.431027480691675180e+01 8.239543390070342560e-05 4.297778245452136048e+00
1.538794781335642767e+02 1.421944216874218903e+01 8.117672310651941547e-05 4.275921688491144401e+00
1.554259925996312006e+02 1.412785277482413804e+01 7.997256496686441492e-05 4.254361047617472025e+00
1.569880497944801050e+02 1.403550985919138228e+01 7.878276407232567900e-05 4.233097441348997236e+00
1.585658059251322811e+02 1.394241936751313737e+01 7.760719437130835939e-05 4.212128448946502068e+00
1.601594187685156214e+02 1.384858368358294634e+01 7.644567308490861390e-05 4.191454839868781868e+00
1.617690476872423631e+02 1.375400027866370145e+01 7.529792997219603330e-05 4.171082438070715881e+00
1.633948536455458793e+02 1.365866584969445796e+01 7.416369092562679873e-05 4.151017703086107069e+00
1.650369992253767748e+02 1.356257628564054940e+01 7.304267792188201135e-05 4.131267762827047996e+00
1.666956486426614958e+02 1.346572662080416904e+01 7.193460886282156271e-05 4.111840454874529094e+00
1.683709677637239395e+02 1.336811124893913316e+01 7.083920307413613777e-05 4.092744043726272096e+00
1.700631241218724483e+02 1.326972613048532601e+01 6.975622922175175585e-05 4.073984442495494740e+00
1.717722869341528167e+02 1.317056635411334931e+01 6.868545619201271084e-05 4.055567981039049030e+00
1.734986271182706901e+02 1.307061408152583937e+01 6.762640108824820512e-05 4.037516471515699479e+00
1.752423173096830169e+02 1.296981349609379208e+01 6.657779977231237834e-05 4.019900047014055566e+00
1.770035318788621055e+02 1.286815267426853815e+01 6.553933100219761269e-05 4.002734641377386104e+00
1.787824469487325132e+02 1.276562267409824436e+01 6.451077012797124574e-05 3.986031143692434497e+00
1.805792404122836388e+02 1.266220527113790162e+01 6.349173704035273279e-05 3.969810861153545201e+00
1.823940919503592397e+02 1.255788671381872668e+01 6.248198573031082600e-05 3.954087827184691761e+00
1.842271830496253813e+02 1.245265180843926878e+01 6.148128630215992068e-05 3.938875919096373135e+00
1.860786970207197157e+02 1.234648160272307749e+01 6.048938247065995715e-05 3.924191608238949858e+00
1.879488190165822061e+02 1.223935296643732329e+01 5.950598973492254531e-05 3.910054248983884762e+00
1.898377360509708751e+02 1.213123423817302360e+01 5.853071916678901759e-05 3.896491345660215710e+00
1.917456370171632898e+02 1.202208846897424088e+01 5.756315352831241594e-05 3.883533970763459742e+00
1.936727127068459708e+02 1.191187641537723785e+01 5.660291649577201293e-05 3.871212291264451544e+00
1.956191558291938009e+02 1.180055128229313688e+01 5.564958529443375049e-05 3.859561584797539080e+00
1.975851610301410517e+02 1.168805732204617698e+01 5.470268367012060987e-05 3.848623122383009854e+00
1.995709249118461912e+02 1.157433632782661448e+01 5.376181526026977054e-05 3.838435117183375489e+00
2.015766460523521459e+02 1.145927929080656149e+01 5.282586787197545352e-05 3.829090206818000830e+00
2.036025250254444643e+02 1.134277343364575863e+01 5.189389202310979582e-05 3.820675073398163146e+00
2.056487644207086589e+02 1.122469116808087186e+01 5.096495237919117119e-05 3.813281236307929145e+00
2.077155688637894286e+02 1.110486639928101837e+01 5.003781940019108620e-05 3.807029080661445075e+00
2.098031450368534649e+02 1.098306228016747887e+01 4.911061896749502494e-05 3.802097697015891065e+00
2.119117016992577476e+02 1.085901924975211053e+01 4.818169999611740409e-05 3.798662164560394405e+00
2.140414497084256311e+02 1.073240262728305439e+01 4.724903091362069735e-05 3.796942279985384694e+00
2.161926020409327975e+02 1.060275326520046235e+01 4.630982628837361997e-05 3.797238356356032352e+00
2.183653738138051494e+02 1.046940572557165794e+01 4.535999943981439380e-05 3.799986737332082587e+00
2.205599823060307187e+02 1.033137414867751858e+01 4.439361584742684705e-05 3.805824101654918135e+00
2.227766469802874099e+02 1.018706246203040600e+01 4.340110391805653971e-05 3.815773310962334186e+00
2.250155895048899595e+02 1.003350203729801748e+01 4.236449651803053060e-05 3.831734445151637303e+00
2.272770337759566530e+02 9.863802517177541418e+00 4.124181993683347693e-05 3.858102317764211975e+00
2.295612059397990663e+02 9.650769368438586682e+00 3.986788121659474033e-05 3.912033071264850115e+00
2.300000000394338144e+02 9.591115669044745218e+00 3.949108261396835846e-05 3.934304379994282286e+00
