# # r T rho v
1.000000000171451242e-01 1.168558918542710323e+00 1.388282607651880873e+01 2.459604915827297944e+01
1.006512356395458802e-01 1.169668071008761023e+00 1.370496934373535858e+01 2.459387408783381801e+01
1.016627973749512637e-01 1.171372126586570195e+00 1.343545243583637117e+01 2.459046992812793775e+01
1.026845254748134234e-01 1.173065045227398739e+00 1.317127097398962832e+01 2.458700048395784066e+01
1.037165221127937798e-01 1.174745272875643343e+00 1.291231909034596370e+01 2.458346494109055769e+01
1.047588904894161538e-01 1.176411620574605132e+00 1.265849302560114609e+01 2.457986246389754115e+01
1.058117348423868315e-01 1.178062840434192848e+00 1.240969107780379943e+01 2.457619221274885035e+01
1.068751604570184893e-01 1.179697624303792436e+00 1.216581356161409033e+01 2.457245334413309479e+01
1.079492736767587724e-01 1.181314602454078377e+00 1.192676276836974303e+01 2.456864501077911100e+01
1.090341819138247459e-01 1.182912342268826578e+00 1.169244292694332721e+01 2.456476636177918493e+01
1.101299936599442475e-01 1.184494765121066218e+00 1.146276026814258842e+01 2.456081632251791547e+01
1.112368184972050283e-01 1.186094502691817709e+00 1.123762340596728926e+01 2.455679265761117591e+01
1.123547671090131955e-01 1.187719255679249519e+00 1.101694226649524921e+01 2.455269416194845533e+01
1.134839512911615250e-01 1.189370048093719046e+00 1.080062843406597928e+01 2.454851989996802075e+01
1.146244839630092827e-01 1.191040855152738276e+00 1.058859512275689951e+01 2.454426921811975859e+01
1.157764791787740249e-01 1.192726360448202350e+00 1.038075728968168043e+01 2.453994142350128271e+01
1.169400521389373782e-01 1.194426818533531609e+00 1.017703167934718600e+01 2.453553559038304499e+01
1.181153192017650039e-01 1.196142482979724919e+00 9.977336687603431287e+00 2.453105078917886317e+01
1.193023978949425690e-01 1.197873606036026883e+00 9.781592328928983449e+00 2.452648608659728424e+01
1.205014069273286220e-01 1.199620438269451750e+00 9.589720204365264067e+00 2.452184054579470640e+01
1.217124662008255559e-01 1.201383228182815177e+00 9.401643470086176180e+00 2.451711322653185832e+01
1.229356968223700025e-01 1.203162221811025168e+00 9.217286806591140191e+00 2.451230318533179897e+01
1.241712211160433954e-01 1.204957662295397247e+00 9.036576388508743563e+00 2.450740947564037597e+01
1.254191626353047817e-01 1.206769789435829798e+00 8.859439854999081376e+00 2.450243114798831812e+01
1.266796461753460501e-01 1.208598839220731636e+00 8.685806280742481178e+00 2.449736725015621275e+01
1.279527977855715315e-01 1.210443716976448592e+00 8.515606128704554578e+00 2.449221688140939435e+01
1.292387447822032631e-01 1.212294647139732451e+00 8.348771123051646370e+00 2.448697948899872046e+01
1.305376157610125265e-01 1.214148822893019508e+00 8.185234447830184834e+00 2.448165422677686820e+01
1.318495406101796164e-01 1.216005528726814555e+00 8.024930643237800254e+00 2.447624015971391032e+01
1.331746505232826727e-01 1.217863998401309988e+00 7.867795548229697289e+00 2.447073635195775054e+01
1.345130780124173253e-01 1.219723413182300931e+00 7.713766274801378664e+00 2.446514186702121307e+01
1.358649569214478436e-01 1.221582900075319111e+00 7.562781182780907940e+00 2.445945576796908938e+01
1.372304224393917083e-01 1.223441530061100346e+00 7.414779855121184760e+00 2.445367711760289708e+01
1.386096111139385467e-01 1.225298316335497129e+00 7.269703073681448302e+00 2.444780497864569924e+01
1.400026608651051829e-01 1.227152212556917421e+00 7.127492795488797661e+00 2.444183841392501222e+01
1.414097109990276047e-01 1.229002111104383621e+00 6.988092129470229175e+00 2.443577648655348611e+01
1.428309022218917645e-01 1.230846841349223286e+00 6.851445313645288415e+00 2.442961826010862936e+01
1.442663766540042414e-01 1.232680994162905552e+00 6.717497645879470625e+00 2.442336296929620687e+01
1.457162778440044826e-01 1.234492645428729274e+00 6.586195443138141314e+00 2.441701010671397754e+01
1.471807507832198214e-01 1.236279530521243730e+00 6.457486201059918329e+00 2.441055876321127727e+01
1.486599419201644623e-01 1.238039341105984459e+00 6.331318458154004958e+00 2.440400802910686195e+01
1.501539991751848491e-01 1.239771636608675065e+00 6.207641795092540882e+00 2.439735691581388011e+01
1.516630719552514994e-01 1.241517491929763350e+00 6.086407214924255626e+00 2.439060274335757583e+01
1.531873111688999423e-01 1.243290291301230255e+00 5.967566383960220655e+00 2.438374399543166504e+01
1.547268692413218405e-01 1.245091012170111311e+00 5.851071797799261454e+00 2.437677966781356886e+01
1.562819001296073540e-01 1.246920677592110449e+00 5.736876895403197452e+00 2.436970875526202107e+01
1.578525593381411574e-01 1.248780357840063804e+00 5.624936040401813386e+00 2.436253025162988095e+01
1.594390039341530563e-01 1.250671172001202480e+00 5.515204502767296013e+00 2.435524314997772777e+01
1.610413925634246179e-01 1.252594134638560730e+00 5.407638439434945710e+00 2.434784644906320139e+01
1.626598854661541471e-01 1.254541043617937612e+00 5.302194795739188393e+00 2.434033952571603265e+01
1.642946444929806182e-01 1.256505764261684588e+00 5.198831396442654018e+00 2.433272166512434964e+01
1.659458331211690618e-01 1.258488136425973014e+00 5.097506959102949153e+00 2.432499190600329086e+01
1.676136164709582932e-01 1.260487966043976948e+00 4.998181021194366025e+00 2.431714928941855547e+01
1.692981613220730930e-01 1.262505023254194336e+00 4.900813923860929400e+00 2.430919285897214976e+01
1.709996361304023660e-01 1.264539040503178224e+00 4.805366795991244722e+00 2.430112166098540527e+01
1.727182110448448604e-01 1.266589710627018084e+00 4.711801538608606954e+00 2.429293474467960934e+01
1.744540579243241407e-01 1.268656684916166011e+00 4.620080809570055180e+00 2.428463116235428032e+01
1.762073503549747289e-01 1.270739571168446380e+00 4.530168008568438154e+00 2.427620996956194332e+01
1.779782636675007745e-01 1.272837931735295580e+00 4.442027262431295753e+00 2.426767022527996076e+01
1.797669749547092521e-01 1.274951281566475858e+00 4.355623410710640186e+00 2.425901099207938216e+01
1.815736630892195724e-01 1.277077729151546048e+00 4.270921981712888282e+00 2.425023139219019086e+01
1.833985087413506632e-01 1.279204190912692995e+00 4.187889110625705236e+00 2.424133100687359743e+01
1.852416943971884888e-01 1.281325861684119882e+00 4.106491670136141359e+00 2.423230906974390919e+01
1.871034043768346200e-01 1.283440713362224317e+00 4.026697212334556575e+00 2.422316470022785140e+01
1.889838248528384890e-01 1.285546603523433307e+00 3.948473934174629552e+00 2.421389702349022599e+01
1.908831438688146365e-01 1.287641272985777574e+00 3.871790664699116924e+00 2.420450517056049122e+01
1.928015513582475304e-01 1.289722343490025347e+00 3.796616852518348573e+00 2.419498827845013977e+01
1.947392391634847064e-01 1.291787315505840583e+00 3.722922553536097912e+00 2.418534549026224667e+01
1.966964010549215325e-01 1.293833566167604809e+00 3.650678418918298807e+00 2.417557595529071079e+01
1.986732327503780149e-01 1.295858347343658901e+00 3.579855683299339564e+00 2.416567882911141041e+01
2.006699319346711419e-01 1.297860587458197656e+00 3.510426164096547286e+00 2.415565319883084427e+01
2.026866982793831817e-01 1.299890310164749208e+00 3.442362538850384901e+00 2.414549605110752495e+01
2.047237334628293770e-01 1.301962578746392873e+00 3.375637804009795406e+00 2.413520585901527582e+01
2.067812411902254788e-01 1.304066156525937714e+00 3.310225339047470960e+00 2.412478218682677777e+01
2.088594272140589236e-01 1.306200157424460828e+00 3.246099115084437159e+00 2.411422416819657855e+01
2.109584993546638199e-01 1.308364698165172202e+00 3.183233626793431359e+00 2.410353089871027521e+01
2.130786675210035730e-01 1.310559853507943018e+00 3.121603875944636730e+00 2.409270147944175378e+01
2.152201437316615396e-01 1.312785653006704134e+00 3.061185361338400135e+00 2.408173501713661580e+01
2.173831421360434557e-01 1.315042077706637613e+00 3.001954068937381148e+00 2.407063062439389611e+01
2.195678790357921406e-01 1.317329056791876063e+00 2.943886462194303277e+00 2.405938741984517293e+01
2.217745729064182214e-01 1.319646464195211033e+00 2.886959472571348329e+00 2.404800452833145741e+01
2.240034444191477125e-01 1.321994115182052232e+00 2.831150490247456020e+00 2.403648108107714876e+01
2.262547164629893637e-01 1.324371762921505047e+00 2.776437355009905961e+00 2.402481621585995697e+01
2.285286141670234694e-01 1.326779095058143509e+00 2.722798347326420565e+00 2.401300907717757127e+01
2.308253649229154159e-01 1.329210397911423591e+00 2.670212154963998330e+00 2.400105903779801864e+01
2.331451984076547690e-01 1.331656180207066109e+00 2.618657874758974824e+00 2.398896562535072974e+01
2.354883466065232356e-01 1.334114466410738276e+00 2.568115055765031407e+00 2.397672805446311628e+01
2.378550438362932729e-01 1.336583299282400050e+00 2.518563654520031836e+00 2.396434554209786327e+01
2.402455267686601226e-01 1.339060577850928579e+00 2.469984026226523799e+00 2.395181731427356553e+01
2.426600344539091014e-01 1.341544054311892609e+00 2.422356916842668628e+00 2.393914260615437684e+01
2.450988083448208954e-01 1.344031331214651459e+00 2.375663455330147666e+00 2.392632066212442155e+01
2.475620923208168567e-01 1.346519858955533833e+00 2.329885146055832745e+00 2.391335073584722082e+01
2.500501327123472728e-01 1.349006933592192370e+00 2.285003861344227172e+00 2.390023209030845663e+01
2.525631783255247731e-01 1.351489694992432877e+00 2.241001834177474894e+00 2.388696399784368296e+01
2.551014804670048153e-01 1.353965125328814079e+00 2.197861651040058373e+00 2.387354574014951680e+01
2.576652929691168881e-01 1.356429962439642756e+00 2.155566244580840785e+00 2.385997661186927843e+01
2.602548722152476235e-01 1.358872518727137546e+00 2.114098856563018547e+00 2.384625626127986564e+01
2.628704771654796768e-01 1.361343198279942879e+00 2.073443290514974890e+00 2.383238174152288380e+01
2.655123693824876785e-01 1.363860528862579580e+00 2.033583544528994924e+00 2.381835148529722801e+01
2.681808130576950888e-01 1.366424484612230428e+00 1.994503865998881631e+00 2.380416471279788126e+01
2.708760750376929538e-01 1.369034923142057547e+00 1.956188815532054592e+00 2.378982065419577907e+01
2.735984248509253924e-01 1.371691577337597501e+00 1.918623260717244206e+00 2.377531854994912663e+01
2.763481347346423700e-01 1.374394047201457081e+00 1.881792370016943883e+00 2.376065765110710615e+01
2.791254796621237544e-01 1.377141791797493520e+00 1.845681606782181516e+00 2.374583721960442517e+01
2.819307373701766539e-01 1.379934121347176967e+00 1.810276723387256093e+00 2.373085652854410554e+01
2.847641883869095891e-01 1.382770189531984606e+00 1.775563755482092221e+00 2.371571486246675065e+01
2.876261160597856081e-01 1.385648986056183363e+00 1.741529016359873117e+00 2.370041151760432285e+01
2.905168065839567326e-01 1.388569047643682275e+00 1.708159090577237915e+00 2.368494581404748445e+01
2.934365490308844526e-01 1.391516885602736897e+00 1.675440794238653552e+00 2.366931758175038070e+01
2.963856353772464924e-01 1.394483027905952799e+00 1.643361220527131072e+00 2.365352647594226099e+01
2.993643605341351210e-01 1.397463897810984346e+00 1.611907738160591741e+00 2.363757190428367849e+01
3.023730223765483394e-01 1.400455651142742619e+00 1.581067967063238378e+00 2.362145328883819673e+01
3.054119217731775526e-01 1.403454174370838636e+00 1.550829773388902488e+00 2.360517006602723811e+01
3.084813626164948364e-01 1.406455083715079324e+00 1.521181264644065001e+00 2.358872168654142598e+01
3.115816518531424606e-01 1.409453725303984939e+00 1.492110784908436738e+00 2.357210761520767761e+01
3.147130995146276145e-01 1.412445176403118063e+00 1.463606910150921481e+00 2.355532733081281194e+01
3.178760187483260502e-01 1.415424247721742246e+00 1.435658443638900827e+00 2.353838032588381779e+01
3.210707258487968674e-01 1.418385486797752559e+00 1.408254411438836007e+00 2.352126610642471860e+01
3.242975402894123782e-01 1.421323182452362444e+00 1.381384058006142723e+00 2.350398419161179575e+01
3.275567847543057187e-01 1.424266368985825926e+00 1.355036927593149532e+00 2.348653262749720128e+01
3.308487851706393146e-01 1.427270642356097685e+00 1.329202830169059046e+00 2.346890837481643644e+01
3.341738707411982534e-01 1.430334040532527773e+00 1.303871633845517852e+00 2.345111087026116081e+01
3.375323739773105070e-01 1.433455210207994934e+00 1.279033410110810731e+00 2.343313952949744206e+01
3.409246307320983327e-01 1.436632505987012864e+00 1.254678427581198186e+00 2.341499378589083236e+01
3.443509802340642412e-01 1.439863977280152252e+00 1.230797148082998005e+00 2.339667309092789438e+01
3.478117651210136940e-01 1.443147356201976539e+00 1.207380222815171100e+00 2.337817691458879921e+01
3.513073314743192510e-01 1.446480046606853698e+00 1.184418488590732510e+00 2.335950474566650570e+01
3.548380288535294413e-01 1.449859114390665837e+00 1.161902964155448803e+00 2.334065609202606595e+01
3.584042103313242467e-01 1.453281279178251451e+00 1.139824846582121465e+00 2.332163048080134615e+01
3.620062325288233573e-01 1.456742907506642926e+00 1.118175507738850882e+00 2.330242745852470065e+01
3.656444556512482569e-01 1.460240007602769507e+00 1.096946490829680432e+00 2.328304659118611042e+01
3.693192435239429083e-01 1.463767931446475545e+00 1.076129506419016835e+00 2.326348747690839858e+01
3.730309636287570951e-01 1.467312546795792594e+00 1.055716412025237139e+00 2.324375012323406509e+01
3.767799871407943035e-01 1.470864291334910812e+00 1.035699237625108626e+00 2.322383433809283915e+01
3.805666889655299756e-01 1.474416665217705313e+00 1.016070178458080786e+00 2.320373979952131194e+01
3.843914477763021864e-01 1.477962792821206239e+00 9.968215848864877549e-01 2.318346620423638882e+01
3.882546460521792975e-01 1.481495431901328041e+00 9.779459593405182005e-01 2.316301326707668551e+01
3.921566701162082502e-01 1.485006984759840387e+00 9.594359533240938154e-01 2.314238072036547322e+01
3.960979101740471631e-01 1.488490009519183310e+00 9.412843653597857685e-01 2.312156829159113514e+01
4.000787603529860625e-01 1.491999106088661264e+00 9.234842446583342301e-01 2.310057303542916785e+01
4.040996187413604113e-01 1.495583397369631307e+00 9.060287620956856136e-01 2.307939230129496622e+01
4.081608874283597088e-01 1.499240402728803989e+00 8.889111331768890789e-01 2.305802569417875247e+01
4.122629725442370496e-01 1.502967165313405351e+00 8.721247077663661917e-01 2.303647284532372197e+01
4.164062843009224135e-01 1.506760146294348290e+00 8.556629672837936518e-01 2.301473341660282657e+01
4.205912370330442962e-01 1.510612081448142519e+00 8.395195171727585226e-01 2.299280723622916867e+01
4.248182492393633436e-01 1.514516779505120647e+00 8.236880923668565835e-01 2.297069408821242931e+01
4.290877436246227083e-01 1.518469086499616649e+00 8.081625544419811513e-01 2.294839371552125229e+01
4.334001471418187368e-01 1.522463326071967771e+00 7.929368865993572379e-01 2.292590588808441510e+01
4.377558910348970378e-01 1.526493297146403139e+00 7.780051912747159015e-01 2.290323040264822652e+01
4.421554108818767093e-01 1.530552274757021269e+00 7.633616877975157866e-01 2.288036708249826034e+01
4.465991466384085506e-01 1.534633014095531545e+00 7.490007100989074518e-01 2.285731577704335038e+01
4.510875426817713696e-01 1.538727757821125808e+00 7.349167044671106597e-01 2.283407636126210249e+01
4.556210478553099352e-01 1.542828246638708434e+00 7.211042273489450816e-01 2.281064873501188472e+01
4.602001155133195742e-01 1.546925733117631374e+00 7.075579431961311894e-01 2.278703282220529758e+01
4.648252035663819060e-01 1.551010998689308806e+00 6.942726223551582976e-01 2.276322856985621002e+01
4.694967745271564907e-01 1.555074378309692307e+00 6.812431390054676239e-01 2.273923594679974514e+01
4.742152955566323880e-01 1.559109103923933981e+00 6.684644734430743584e-01 2.271505479600557820e+01
4.789812385108446757e-01 1.563196356711868740e+00 6.559318173975482447e-01 2.269068110808932204e+01
4.837950799880604280e-01 1.567365927000483605e+00 6.436403866747233415e-01 2.266611320133571184e+01
4.886573013764388684e-01 1.571613433690317363e+00 6.315854479130750265e-01 2.264135091386525289e+01
4.935683889021708071e-01 1.575933837486050093e+00 6.197623612143848826e-01 2.261639411849316517e+01
4.985288336781012464e-01 1.580321426793623196e+00 6.081665783080304477e-01 2.259124272303705894e+01
5.035391317528414845e-01 1.584769807812235864e+00 5.967936407556914125e-01 2.256589667043520819e+01
5.085997841603744352e-01 1.589271899063599225e+00 5.856391781954651821e-01 2.254035593866504783e+01
5.137112969701581600e-01 1.593819930552577979e+00 5.746989066242669253e-01 2.251462054045693506e+01
5.188741813377328871e-01 1.598405447701254367e+00 5.639686267174675027e-01 2.248869052279658831e+01
5.240889535558379553e-01 1.603019320143813209e+00 5.534442221845451426e-01 2.246256596621827839e+01
5.293561351060409592e-01 1.607651755413322059e+00 5.431216581597215765e-01 2.243624698388506999e+01
5.346762527108861462e-01 1.612295599562411308e+00 5.329969831009059300e-01 2.240973357437622937e+01
5.400498383865675045e-01 1.616945430043988274e+00 5.230663258992798159e-01 2.238302566503881152e+01
5.454774294961303172e-01 1.621591047049552037e+00 5.133258874994371945e-01 2.235612340108654195e+01
5.509595688032089544e-01 1.626221613857927961e+00 5.037719439873655780e-01 2.232902695897209355e+01
5.564968045263024576e-01 1.630825791456652407e+00 4.944008452476511550e-01 2.230173654014515705e+01
5.620896903935974631e-01 1.635451488051390845e+00 4.852090717799873443e-01 2.227424969556828671e+01
5.677387856983414638e-01 1.640168123745696427e+00 4.761931908320597984e-01 2.224656307165576408e+01
5.734446553547724035e-01 1.644970884875212036e+00 4.673497636316663040e-01 2.221867668060009393e+01
5.792078699546110432e-01 1.649852652692059163e+00 4.586754176483414103e-01 2.219059064379712254e+01
5.850290058241199853e-01 1.654805443467214809e+00 4.501668467246816574e-01 2.216230512664477814e+01
5.909086450817371272e-01 1.659820405089510453e+00 4.418208097919613109e-01 2.213382033827793549e+01
5.968473756962879850e-01 1.664887820250214423e+00 4.336341296150254543e-01 2.210513653100728604e+01
6.028457915457827720e-01 1.670000250503715256e+00 4.256036943009690043e-01 2.207625385756656655e+01
6.089044924768054479e-01 1.675158939342164199e+00 4.177264612539998145e-01 2.204717208547975460e+01
6.150240843644979583e-01 1.680355419814704154e+00 4.099994397529624912e-01 2.201789143139216520e+01
6.212051791731485473e-01 1.685579209340833051e+00 4.024196969314776107e-01 2.198841220744826686e+01
6.274483950173893598e-01 1.690819133561368037e+00 3.949843578066861705e-01 2.195873476067417229e+01
6.337543562240071093e-01 1.696063352410911884e+00 3.876906041677000703e-01 2.192885947147344794e+01
6.401236933943778018e-01 1.701299391144349471e+00 3.805356734868494128e-01 2.189878675191074109e+01
6.465570434675260714e-01 1.706514176097355229e+00 3.735168578528814121e-01 2.186851704379417427e+01
6.530550497838204516e-01 1.711736162082754253e+00 3.666315352617678935e-01 2.183804889047812026e+01
6.596183621493075799e-01 1.717058328255979260e+00 3.598771822630433825e-01 2.180737793915017164e+01
6.662476369006933297e-01 1.722473076509101197e+00 3.532512465119600487e-01 2.177650448632305924e+01
6.729435369709775294e-01 1.727970892623930332e+00 3.467512250283085740e-01 2.174542892110178371e+01
6.797067319557468235e-01 1.733541753217900716e+00 3.403746643076785983e-01 2.171415166010459785e+01
6.865378981801358860e-01 1.739191913483981278e+00 3.341191712232158273e-01 2.168267237634911737e+01
6.934377187664597653e-01 1.744918705575832396e+00 3.279823933343186670e-01 2.165099116925382106e+01
7.004068837025270167e-01 1.750712266322962618e+00 3.219620198068204875e-01 2.161910847631687105e+01
7.074460899106389533e-01 1.756561871663488761e+00 3.160557852018442415e-01 2.158702477901833561e+01
7.145560413172823422e-01 1.762455954310134798e+00 3.102614686096958896e-01 2.155474060158294947e+01
7.217374489235226509e-01 1.768382127885102406e+00 3.045768928026902911e-01 2.152225650945115021e+01
7.289910308761051727e-01 1.774327217397726697e+00 2.989999234061318512e-01 2.148957310746711968e+01
7.363175125392701359e-01 1.780277295863169407e+00 2.935284680866980800e-01 2.145669103779422215e+01
7.437176265672887920e-01 1.786217726788741356e+00 2.881604757574565134e-01 2.142361097757321886e+01
7.511921129777308082e-01 1.792176382931600864e+00 2.828939624846675271e-01 2.139033161855222431e+01
7.587417192254664045e-01 1.798249512561227670e+00 2.777270234623842593e-01 2.135684851309281385e+01
7.663672002774112313e-01 1.804428365092783260e+00 2.726577253663081124e-01 2.132316216819362253e+01
7.740693186880251986e-01 1.810711097741774189e+00 2.676841773693204862e-01 2.128927276986598116e+01
7.818488446755680332e-01 1.817111140561865623e+00 2.628045347295876466e-01 2.125517980239073879e+01
7.897065561991213345e-01 1.823619415772503860e+00 2.580169757639693695e-01 2.122088382073756563e+01
7.976432390363853431e-01 1.830225778514884549e+00 2.533197143634979831e-01 2.118638543457567991e+01
8.056596868622580843e-01 1.836919076348517033e+00 2.487109993476873671e-01 2.115168530502594280e+01
8.137567013282022144e-01 1.843687165077521062e+00 2.441891138045146625e-01 2.111678414340369159e+01
8.219350921424122269e-01 1.850516932307444185e+00 2.397523744454737871e-01 2.108168270960465662e+01
8.301956771507845723e-01 1.857394328623800384e+00 2.353991309750728678e-01 2.104638181013809373e+01
8.385392824187040128e-01 1.864304406189024155e+00 2.311277654740749310e-01 2.101088229582093092e+01
8.469667423136503226e-01 1.871231364464584601e+00 2.269366917958305363e-01 2.097518505914696263e+01
8.554788995886358771e-01 1.878239563330080575e+00 2.228243960485390140e-01 2.093928717158468444e+01
8.640766054664821283e-01 1.885404139939792723e+00 2.187893972772541606e-01 2.090318525940852012e+01
8.727607197249409587e-01 1.892715244893036886e+00 2.148301998613836028e-01 2.086688004042174072e+01
8.815321107826754599e-01 1.900190825426125718e+00 2.109453513397240298e-01 2.083037090565251503e+01
8.903916557861005776e-01 1.907834441327118435e+00 2.071334203938893226e-01 2.079365795849662035e+01
8.993402406971000573e-01 1.915636886549938689e+00 2.033929977742473527e-01 2.075674192270242102e+01
9.083787603816216860e-01 1.923587744401704214e+00 1.997227016127828270e-01 2.071962358402913296e+01
9.175081186991665971e-01 1.931675391717393442e+00 1.961211769091780743e-01 2.068230378942669745e+01
9.267292285931737483e-01 1.939887012325487214e+00 1.925870950296358353e-01 2.064478344577045377e+01
9.360430121823173355e-01 1.948208619823004639e+00 1.891191532178717050e-01 2.060706351815129267e+01
9.454504008527176984e-01 1.956625089557751274e+00 1.857160741176669960e-01 2.056914502772957576e+01
9.549523353510812607e-01 1.965167957295207435e+00 1.823766259828685510e-01 2.053102672151136332e+01
9.645497658787759443e-01 1.973963722729790815e+00 1.790996405825803495e-01 2.049270277762423120e+01
9.742436521868529375e-01 1.983011781316397437e+00 1.758839164657602094e-01 2.045417362855474863e+01
9.840349636720208126e-01 1.992301734460503626e+00 1.727282717891299446e-01 2.041544018933431559e+01
9.939246794735880908e-01 2.001830670038839965e+00 1.696315512309867768e-01 2.037650300896859790e+01
1.003913788571375587e+00 2.011627213269453041e+00 1.665926348470752327e-01 2.033736110094740823e+01
1.014003289884618075e+00 2.021688799141536208e+00 1.636104117067940789e-01 2.029801503199619717e+01
1.024194192371854717e+00 2.032005825486605577e+00 1.606837900190848101e-01 2.025846571903704074e+01
1.034487515131826241e+00 2.042567112182167133e+00 1.578116990207223680e-01 2.021871415884446321e+01
1.044884287505387199e+00 2.053364663518983946e+00 1.549930904119815045e-01 2.017876119006706759e+01
1.055385549178438076e+00 2.064547343082524744e+00 1.522269953441980628e-01 2.013859988393605249e+01
1.065992350285897894e+00 2.076181763341805819e+00 1.495124304255020797e-01 2.009822749688135701e+01
1.076705751516715992e+00 2.088265165059083550e+00 1.468484051772590282e-01 2.005764475469262464e+01
1.087526824219943622e+00 2.100792324457874116e+00 1.442339477897994493e-01 2.001685251042231073e+01
1.098456650511868915e+00 2.113755461192293073e+00 1.416681047721728426e-01 1.997585174786109974e+01
1.109496323384228766e+00 2.127144167632344818e+00 1.391499406162528263e-01 1.993464358393536529e+01
1.120646946813510514e+00 2.140945360928273367e+00 1.366785374746819770e-01 1.989322926995815166e+01
1.131909635871349185e+00 2.155213188134075253e+00 1.342530187145318799e-01 1.985160666320273037e+01
1.143285516836036075e+00 2.170210438370177908e+00 1.318725936560525835e-01 1.980976317996793767e+01
1.154775727305147326e+00 2.185984341399796804e+00 1.295364113432659614e-01 1.976769723554505731e+01
1.166381416309306029e+00 2.202547584142415360e+00 1.272436256387945164e-01 1.972540900761686800e+01
1.178103744427082988e+00 2.219909694758279262e+00 1.249934059146761978e-01 1.968289884373002252e+01
1.189943883901059207e+00 2.238076796250333622e+00 1.227849367342191550e-01 1.964016727243852145e+01
1.201903018755048791e+00 2.257098146591136167e+00 1.206174322720549030e-01 1.959721262131249375e+01
1.213982344912503120e+00 2.277245167547269133e+00 1.184901900314588863e-01 1.955402192567304098e+01
1.226183070316103851e+00 2.298588744589371569e+00 1.164024559208978876e-01 1.951059261136625977e+01
1.238506415048558962e+00 2.321144697217078168e+00 1.143534732866034465e-01 1.946692494489230540e+01
1.250953611454610925e+00 2.344922261013868692e+00 1.123424983574832225e-01 1.942301953987248453e+01
1.263525904264273247e+00 2.370042422783429803e+00 1.103688349764737620e-01 1.937887123316346205e+01
1.276224550717303785e+00 2.396906820457403331e+00 1.084318800237284025e-01 1.933446048345681234e+01
1.289050820688929955e+00 2.425639695384743444e+00 1.065309575631474548e-01 1.928978225191563567e+01
1.302005996816837596e+00 2.456371360410890325e+00 1.046654052193977946e-01 1.924483124356122232e+01
1.315091374629435705e+00 2.489307189589733849e+00 1.028345933473950036e-01 1.919959827042793421e+01
1.328308262675409690e+00 2.524899620247410770e+00 1.010379698204130622e-01 1.915406142440166803e+01
1.341657982654578474e+00 2.563251184766725643e+00 9.927489299495703690e-02 1.910821722662402067e+01
1.355141869550064770e+00 2.604571730787076156e+00 9.754476201903407306e-02 1.906205657948650511e+01
1.368761271761794962e+00 2.649428661310541333e+00 9.584708016106145700e-02 1.901555173115359665e+01
1.382517551241339460e+00 2.698031931897732605e+00 9.418126051286715428e-02 1.896869396463242907e+01
1.396412083628109757e+00 2.750775571746787218e+00 9.254677371294060817e-02 1.892146485966216218e+01
1.410446258386923724e+00 2.808116739668907513e+00 9.094311261997894968e-02 1.887384286294270908e+01
1.424621478946951791e+00 2.870330636624692122e+00 8.936973000398046318e-02 1.882581617563796428e+01
1.438939162842063357e+00 2.937863567154523903e+00 8.782612968968368794e-02 1.877736400191794175e+01
1.453400741852578948e+00 3.010949455341570768e+00 8.631176907059860681e-02 1.872847700935713533e+01
1.468007662148451242e+00 3.089826178752626440e+00 8.482611583284445367e-02 1.867914569090144994e+01
1.482761384433882057e+00 3.174585408467161418e+00 8.336861139391904540e-02 1.862936849137313189e+01
1.497663384093394834e+00 3.265139721444416221e+00 8.193866614054648445e-02 1.857915344189079931e+01
1.512715151339374176e+00 3.360924321981241025e+00 8.053559170700329284e-02 1.852853438979186862e+01
1.527918191361087308e+00 3.461473460021592174e+00 7.915874334183459204e-02 1.847753957151806148e+01
1.543274024475206119e+00 3.565960304801170100e+00 7.780741182469926021e-02 1.842621665366343109e+01
1.558784186277838657e+00 3.673445847595827818e+00 7.648088465914655576e-02 1.837461931076410693e+01
1.574450227798089852e+00 3.783125521780597911e+00 7.517850359729874588e-02 1.832279346439489487e+01
1.590273715653166997e+00 3.894127545174286720e+00 7.389961610457186636e-02 1.827078853999266173e+01
1.606256232205042211e+00 4.005812987801412817e+00 7.264364139277393329e-02 1.821864099903435630e+01
1.622399375718689196e+00 4.117600977633063764e+00 7.141002892468154006e-02 1.816638380227960070e+01
1.638704760521911830e+00 4.229056642491730855e+00 7.019827491333588410e-02 1.811404177412863703e+01
1.655174017166778588e+00 4.340003883208120250e+00 6.900794406936770764e-02 1.806162521262150022e+01
1.671808792592678561e+00 4.450087878880956360e+00 6.783857326354683637e-02 1.800915433198400351e+01
1.688610750291016371e+00 4.559282437496152696e+00 6.668977938239967207e-02 1.795663086861545565e+01
1.705581570471563335e+00 4.667603870002428046e+00 6.556119531213670804e-02 1.790405416607494971e+01
1.722722950230480388e+00 4.775095117679187595e+00 6.445246596004464146e-02 1.785142206791879360e+01
1.740036603720027664e+00 4.881802704478076294e+00 6.336324311259076969e-02 1.779873222219930895e+01
1.757524262319982267e+00 4.987853840418791762e+00 6.229320072143706283e-02 1.774597768303443246e+01
1.775187674810777327e+00 5.093414590650837681e+00 6.124202522781314190e-02 1.769314935181300186e+01
1.793028607548381448e+00 5.198549165666728200e+00 6.020938778154207027e-02 1.764024394567740472e+01
1.811048844640935629e+00 5.303436833531302241e+00 5.919498723402868978e-02 1.758725161930367165e+01
1.829250188127166776e+00 5.408123657152651198e+00 5.819850126152003450e-02 1.753417020201400689e+01
1.847634458156590664e+00 5.512954981855254566e+00 5.721966978828536832e-02 1.748098023695142800e+01
1.866203493171530781e+00 5.618007503425458182e+00 5.625818459730418802e-02 1.742767793820325650e+01
1.884959150090962821e+00 5.723489755134844259e+00 5.531376732232347326e-02 1.737425179607511794e+01
1.903903304496208371e+00 5.829589416885172959e+00 5.438613927057463909e-02 1.732069162330588341e+01
1.923037850818494876e+00 5.936339854372997493e+00 5.347499788691927741e-02 1.726699623737396294e+01
1.942364702528400322e+00 6.044077598646531158e+00 5.258010052087851854e-02 1.721314664876518918e+01
1.961885792327201283e+00 6.152845586288001378e+00 5.170115456461626957e-02 1.715914126037155540e+01
1.981603072340144989e+00 6.262970892875814322e+00 5.083792300362389299e-02 1.710496155905138593e+01
2.001518514311664276e+00 6.374814619354307155e+00 4.999017678228962619e-02 1.705058716902701121e+01
2.021634109802552093e+00 6.488390408427166633e+00 4.915762921141119540e-02 1.699601840932064434e+01
2.041951870389121293e+00 6.604167179904512963e+00 4.834007695738623545e-02 1.694122830421195403e+01
2.062473827864361731e+00 6.722252469790888973e+00 4.753725640078889508e-02 1.688621171538261478e+01
2.083202034441121953e+00 6.842955269703340448e+00 4.674894264265746363e-02 1.683095120062862904e+01
2.104138562957333924e+00 6.967072260484691526e+00 4.597499390825064008e-02 1.677539995646781534e+01
2.125285507083296999e+00 7.094635289086729912e+00 4.521514111739144415e-02 1.671955766320937897e+01
2.146644981531044216e+00 7.226362196272433813e+00 4.446923248655060279e-02 1.666338200654312729e+01
2.168219122265822474e+00 7.362561049162787086e+00 4.373704887573462430e-02 1.660685595928620373e+01
2.190010086719682114e+00 7.503732051100525879e+00 4.301840542771010606e-02 1.654995041355715202e+01
2.212020054007228342e+00 7.651139597863378938e+00 4.231323922604370014e-02 1.649258921988161575e+01
2.234251225143531361e+00 7.805045888819669209e+00 4.162132534444125398e-02 1.643475826706225718e+01
2.256705823264231636e+00 7.966925288802136684e+00 4.094263172896441677e-02 1.637636770862871316e+01
2.279386093847851846e+00 8.137349817069038593e+00 4.027698062454067307e-02 1.631738424530178833e+01
2.302294304940351921e+00 8.318102780607031121e+00 3.962438258391553364e-02 1.625769788125445459e+01
2.325432747381931176e+00 8.510345098691797006e+00 3.898474550136084987e-02 1.619723800771274114e+01
2.348803735036115281e+00 8.716000338881723764e+00 3.835809170896922055e-02 1.613588479653274987e+01
2.372409605021146728e+00 8.936635201531164086e+00 3.774438262541639222e-02 1.607354098433570400e+01
2.396252717943693877e+00 9.174660694676916251e+00 3.714370324390148248e-02 1.601005402779020059e+01
2.420335458134919904e+00 9.431873158561771220e+00 3.655603924963188311e-02 1.594531025155561821e+01
2.444660233888912515e+00 9.710481035222118251e+00 3.598143489839605164e-02 1.587916789367063863e+01
2.469229477703517528e+00 1.001181918166023976e+01 3.541980281872937619e-02 1.581154070204339490e+01
2.494045646523590953e+00 1.033674884355644963e+01 3.487098930980405548e-02 1.574237201297653499e+01
2.519111221986694904e+00 1.068437606016025576e+01 3.433459236508979578e-02 1.567171967142000355e+01
2.544428710671263527e+00 1.105246774551924993e+01 3.381003125049227009e-02 1.559973024249547358e+01
2.570000644347264274e+00 1.143780295003118930e+01 3.329660407810997036e-02 1.552661659382295944e+01
2.595829580229374045e+00 1.183592955487933018e+01 3.279345596759029868e-02 1.545267582143315011e+01
2.621918101232704856e+00 1.224227538337418153e+01 3.229974016971037115e-02 1.537821622312183045e+01
2.648268816231098111e+00 1.265308355114286876e+01 3.181475050850293695e-02 1.530349338673619464e+01
2.674884360318012799e+00 1.306508136510449880e+01 3.133786934067737256e-02 1.522873210580813819e+01
2.701767395070036937e+00 1.347540705926796711e+01 3.086855309735531822e-02 1.515413142945606317e+01
2.728920608813047988e+00 1.388170073924036529e+01 3.040634235260740795e-02 1.507985800321421088e+01
2.756346716891048931e+00 1.428231896878907214e+01 2.995089048768297471e-02 1.500602979076685450e+01
2.784048461937702612e+00 1.467533860770238263e+01 2.950181995242671593e-02 1.493278614834370899e+01
2.812028614150597239e+00 1.505959465788548712e+01 2.905886826047662103e-02 1.486021415237127385e+01
2.840289971568271898e+00 1.543398680283199731e+01 2.862178908698870261e-02 1.478839688495165561e+01
2.868835360350020292e+00 1.579783730366909289e+01 2.819040036422375620e-02 1.471738805441551534e+01
2.897667635058507773e+00 1.615091083630483482e+01 2.776458649209970903e-02 1.464720923669225172e+01
2.926789678945231898e+00 1.649329805266036431e+01 2.734427925187158867e-02 1.457785831925420617e+01
2.956204404238850447e+00 1.682520103656978705e+01 2.692942733082422796e-02 1.450932464171188307e+01
2.985914752436404029e+00 1.714719472332013339e+01 2.652003146537684417e-02 1.444156939149706886e+01
3.015923694597471894e+00 1.745991644735398651e+01 2.611609997833938199e-02 1.437454855638385887e+01
3.046234231641278711e+00 1.776378459067546700e+01 2.571761035564205239e-02 1.430823403060731458e+01
3.076849394646786084e+00 1.806010493609368694e+01 2.532466048712610565e-02 1.424252943630916057e+01
3.107772245155807411e+00 1.834936469062487419e+01 2.493723299548769243e-02 1.417740039524603013e+01
3.139005875479162988e+00 1.863193460935979573e+01 2.455529451650176331e-02 1.411282092082390527e+01
3.170553409005913981e+00 1.890879591421409600e+01 2.417889342820516915e-02 1.404871711070381579e+01
3.202418000515701468e+00 1.918020760537471148e+01 2.380797858751345156e-02 1.398507100276271764e+01
3.234602836494231859e+00 1.944636377485725731e+01 2.344249071389844369e-02 1.392186944064460619e+01
3.267111135451923332e+00 1.970820584218423477e+01 2.308247040317392557e-02 1.385903949049661854e+01
3.299946148245760824e+00 1.996602136684356665e+01 2.272786889344185698e-02 1.379656001679154542e+01
3.333111158404387986e+00 2.021987241635513399e+01 2.237860809927449263e-02 1.373442776283642175e+01
3.366609482456456970e+00 2.047015426736309252e+01 2.203465501157658366e-02 1.367261218262335731e+01
3.400444470262288466e+00 2.071746271360325764e+01 2.169600228065941133e-02 1.361106610535936667e+01
3.434619505348859736e+00 2.096183281328049475e+01 2.136256858082902568e-02 1.354978803732015180e+01
3.469138005248159295e+00 2.120328162929542160e+01 2.103427156896180150e-02 1.348877793944895487e+01
3.504003421838940646e+00 2.144198659044133493e+01 2.071105103981799381e-02 1.342802228222759453e+01
3.539219241691918150e+00 2.167812238949582948e+01 2.039284699494546549e-02 1.336750766324765038e+01
3.574788986418425019e+00 2.191171164852747211e+01 2.007958065791148189e-02 1.330723339855005527e+01
3.610716213022573839e+00 2.214277687626038471e+01 1.977117452654516411e-02 1.324719879018651270e+01
3.647004514256965368e+00 2.237136876590638934e+01 1.946755597340759161e-02 1.318740067279114747e+01
3.683657518981962919e+00 2.259758167174893728e+01 1.916865901462599595e-02 1.312783205279867182e+01
3.720678892528583859e+00 2.282143842088434837e+01 1.887440957810146772e-02 1.306849208768836768e+01
3.758072337065033519e+00 2.304296016061529073e+01 1.858473459359427996e-02 1.300938005550606746e+01
3.795841591966926831e+00 2.326216704047010708e+01 1.829956206277714992e-02 1.295049529859234738e+01
3.833990434191228758e+00 2.347902095834277247e+01 1.801881386296804929e-02 1.289184236239274917e+01
3.872522678653953054e+00 2.369350497003283351e+01 1.774241592857164415e-02 1.283342390315993597e+01
3.911442178611655329e+00 2.390564318052689785e+01 1.747030055998301246e-02 1.277523887605440400e+01
3.950752826046765254e+00 2.411545959820883667e+01 1.720240114817141175e-02 1.271728621485168276e+01
3.990458552056783681e+00 2.432297321349692965e+01 1.693865154601248424e-02 1.265956528804948888e+01
4.030563327247402405e+00 2.452812188780163183e+01 1.667897667965268296e-02 1.260208300394112158e+01
4.071071162129558552e+00 2.473085344585010148e+01 1.642330411151527239e-02 1.254484537827098301e+01
4.111986107520499978e+00 2.493119538174440564e+01 1.617157242877177714e-02 1.248785098552500727e+01
4.153312254948858140e+00 2.512917538108792570e+01 1.592372123271090442e-02 1.243109834563638749e+01
4.195053737063816790e+00 2.532482090432171162e+01 1.567969107152602723e-02 1.237458596248179710e+01
4.237214728048371626e+00 2.551815715621793146e+01 1.543942317687941983e-02 1.231831252174641023e+01
4.279799444036756384e+00 2.570915166148634512e+01 1.520285274893322727e-02 1.226228230564972677e+01
4.322812143536054919e+00 2.589781129804351778e+01 1.496992089041640668e-02 1.220649575646922536e+01
4.366257127852062325e+00 2.608416408091199301e+01 1.474057221252381145e-02 1.215095122176077602e+01
4.410138741519415539e+00 2.626823778897485440e+01 1.451475218903088178e-02 1.209564703125517404e+01
4.454461372736048475e+00 2.645005997578450874e+01 1.429240714393380761e-02 1.204058149544985490e+01
4.499229453802018774e+00 2.662965798055187250e+01 1.407348423929038680e-02 1.198575290414088457e+01
4.544447461562739043e+00 2.680706495277745560e+01 1.385793218136333917e-02 1.193115890663216838e+01
4.590119917856668508e+00 2.698231958625821747e+01 1.364570114529659040e-02 1.187679653168493665e+01
4.636251389967495307e+00 2.715544130085755370e+01 1.343673981266764288e-02 1.182266475042787945e+01
4.682846491080875140e+00 2.732644439056970143e+01 1.323099710184568421e-02 1.176876303429902215e+01
4.729909880745747586e+00 2.749535438997068226e+01 1.302842409020031969e-02 1.171508964258992869e+01
4.777446265340300258e+00 2.766219681170451494e+01 1.282897264129089811e-02 1.166164279231845846e+01
4.825460398542604779e+00 2.782699705299477344e+01 1.263259538134521229e-02 1.160842066720655019e+01
4.873957081805994740e+00 2.798979546251368333e+01 1.243924745698063612e-02 1.155541977280262067e+01
4.922941164839208739e+00 2.815070048843255535e+01 1.224889265260219878e-02 1.150262909016004187e+01
4.972417546091372209e+00 2.830975049997567083e+01 1.206148707823924936e-02 1.145004514313324151e+01
5.022391173241839368e+00 2.846696758453824216e+01 1.187698565917796878e-02 1.139766618272143894e+01
5.072867043694970768e+00 2.862237388952744865e+01 1.169534406046596718e-02 1.134549040605074488e+01
5.123850205079874875e+00 2.877599163598750920e+01 1.151651867649221977e-02 1.129351595347236525e+01
5.175345755755175858e+00 2.892784313321308431e+01 1.134046662086983515e-02 1.124174090543203341e+01
5.227358845318855529e+00 2.907795079443308595e+01 1.116714571662900772e-02 1.119016327908863850e+01
5.279894675123213865e+00 2.922633659818423979e+01 1.099651442232717040e-02 1.113878108989228544e+01
5.332958498795012048e+00 2.937296543474212029e+01 1.082852530602916238e-02 1.108759902393553887e+01
5.386555622760836215e+00 2.951779385213404794e+01 1.066313082780966787e-02 1.103662280481527880e+01
5.440691406777746764e+00 2.966081857247323939e+01 1.050028886664273499e-02 1.098585344950207876e+01
5.495371264469260275e+00 2.980206098630652178e+01 1.033996081694273268e-02 1.093528900752630406e+01
5.550600663866712914e+00 2.994154315248342968e+01 1.018210877540753380e-02 1.088492739464884806e+01
5.606385127956067471e+00 3.007928727931405533e+01 1.002669547069325907e-02 1.083476645230645197e+01
5.662730235230220899e+00 3.021531574539807607e+01 9.873684255712805724e-03 1.078480394290288125e+01
5.719641620246854963e+00 3.034965112213984639e+01 9.723039100291210393e-03 1.073503754467862947e+01
5.777124974191898410e+00 3.048231619812197835e+01 9.574724584197984861e-03 1.068546484611177938e+01
5.835186045448646830e+00 3.061333005010251185e+01 9.428705438593903282e-03 1.063608384966042131e+01
5.893830640172611268e+00 3.074256870752991588e+01 9.284930755462635424e-03 1.058691099032544969e+01
5.953064622872135558e+00 3.086998359975055095e+01 9.143359118853592107e-03 1.053795315622845052e+01
6.012893916994849874e+00 3.099559876490237542e+01 9.003957989985411289e-03 1.048920785908619457e+01
6.073324505520026229e+00 3.111943840093830715e+01 8.866695372779868564e-03 1.044067252339094409e+01
6.134362431556874107e+00 3.124152689425685736e+01 8.731539808702764444e-03 1.039234447986853560e+01
6.196013798948864171e+00 3.136188885071693377e+01 8.598460372013498609e-03 1.034422095830066191e+01
6.258284772884112002e+00 3.148054639350980821e+01 8.467426356325932421e-03 1.029629945553382697e+01
6.321181580511901821e+00 3.159752086743673161e+01 8.338407467312161994e-03 1.024857750546943258e+01
6.384710511565412361e+00 3.171283711821740425e+01 8.211374295973161361e-03 1.020105208528295293e+01
6.448877918990688407e+00 3.182652041577682667e+01 8.086297958460929650e-03 1.015372002991047218e+01
6.513690219581946828e+00 3.193859644468838255e+01 7.963150087382407302e-03 1.010657802831361884e+01
6.579153894623257948e+00 3.204908105509473870e+01 7.841901662022834202e-03 1.005962410931010709e+01
6.645275490536675989e+00 3.215768823046208524e+01 7.722490154210417262e-03 1.001290030493992589e+01
6.712061619536896728e+00 3.226432828018990762e+01 7.604876268787914666e-03 9.966420646387422977e+00
6.779518960292474361e+00 3.236902955559742168e+01 7.489034564827161920e-03 9.920182023836103369e+00
6.847654258593698806e+00 3.247182050594410896e+01 7.374940018734149616e-03 9.874181229043847097e+00
6.916474328027180540e+00 3.257272972013722523e+01 7.262568022802591908e-03 9.828414945692022897e+00
6.985986050657212232e+00 3.267178597214561364e+01 7.151894384286682123e-03 9.782879738664474800e+00
7.056196377713984447e+00 3.276901827066021866e+01 7.042895325059316675e-03 9.737572042102931036e+00
7.127112330288711384e+00 3.286445591362932106e+01 6.935547481932221800e-03 9.692488146060851406e+00
7.198741000035748350e+00 3.295812854840273332e+01 6.829827907729132432e-03 9.647624181545555899e+00
7.271089549881757819e+00 3.305005296786197277e+01 6.725712572881039492e-03 9.602978245885056552e+00
7.344165214742018222e+00 3.314024261260038173e+01 6.623177465462885306e-03 9.558548915895253018e+00
7.417975302243910996e+00 3.322872749082713284e+01 6.522200826023697925e-03 9.514332006144964993e+00
7.492527193457692469e+00 3.331553847612430275e+01 6.422761347449726030e-03 9.470323066259538791e+00
7.567828343634613653e+00 3.340070713421686577e+01 6.324838150200099048e-03 9.426517398746767640e+00
7.643886282952442102e+00 3.348426583179449523e+01 6.228410789779971653e-03 9.382910029955656483e+00
7.720708617268493335e+00 3.356615609084852281e+01 6.133448813176051347e-03 9.339511593622701113e+00
7.798303028880216203e+00 3.364598720554122480e+01 6.039884587017942640e-03 9.296390990646232311e+00
7.876677277293434365e+00 3.372372030610224414e+01 5.947691376103522200e-03 9.253557042367788199e+00
7.955839199998301581e+00 3.379938413572894262e+01 5.856850490365117685e-03 9.211006823924270392e+00
8.035796713253056112e+00 3.387300743982967788e+01 5.767343537589441141e-03 9.168737325657271953e+00
8.116557812875656808e+00 3.394461901159441197e+01 5.679152424173388065e-03 9.126745441826631833e+00
8.198130575043364843e+00 3.401424774288168607e+01 5.592259356562418945e-03 9.085027957694277845e+00
8.280523157100375897e+00 3.408192268143071146e+01 5.506646843492427404e-03 9.043581534676251366e+00
8.363743798373555194e+00 3.414767309562679998e+01 5.422297699183571684e-03 9.002402693193442218e+00
8.447800820996382853e+00 3.421148915379905020e+01 5.339190509920665323e-03 8.961495409085046049e+00
8.532702630741166416e+00 3.427335743407029156e+01 5.257303790940097768e-03 8.920864464144486305e+00
8.618457717859634215e+00 3.433330883254175347e+01 5.176621466793067047e-03 8.880506076558427608e+00
8.705074657931959337e+00 3.439137487007854332e+01 5.097127793385207266e-03 8.840416223579291355e+00
8.792562112724329637e+00 3.444758741199371599e+01 5.018807321933735875e-03 8.800590687150636526e+00
8.880928831055133088e+00 3.450197878807451701e+01 4.941644909336686924e-03 8.761025020725476509e+00
8.970183649669840165e+00 3.455458193393606336e+01 4.865625731158006693e-03 8.721714509575024366e+00
9.060335494124693412e+00 3.460543055895880826e+01 4.790735297874537495e-03 8.682654122982730982e+00
9.151393379679262807e+00 3.465455934760692003e+01 4.716959475222029866e-03 8.643838456245404700e+00
9.243366412197987714e+00 3.470200420300083266e+01 4.644284509737824258e-03 8.605261659760643056e+00
9.336263789060762264e+00 3.474780254444993233e+01 4.572697060952973271e-03 8.566917351604303121e+00
9.430094800082688522e+00 3.479199367456207170e+01 4.502184242178725211e-03 8.528798508790233157e+00
9.524868828443061375e+00 3.483461923702191854e+01 4.432733672524357717e-03 8.490897330704513024e+00
9.620595351623695279e+00 3.487572379390493182e+01 4.364333543768393782e-03 8.453205065789417105e+00
9.717283942356681692e+00 3.491535395486639715e+01 4.296972514743667426e-03 8.415712165854477789e+00
9.814944269581667768e+00 3.495346960467376363e+01 4.230629124382291432e-03 8.378429209923709209e+00
9.913586099412759367e+00 3.499005655334770637e+01 4.165285318945490152e-03 8.341360943685698359e+00
1.001321929611514250e+01 3.502516281884103222e+01 4.100930721145520930e-03 8.304497287020767615e+00
1.011385382309151382e+01 3.505884203139052602e+01 4.037555845662683940e-03 8.267826381753835108e+00
1.021549974387843385e+01 3.509115521722551279e+01 3.975152317862345845e-03 8.231334042596772704e+00
1.031816722315268464e+01 3.512191108466134182e+01 3.913681320771423763e-03 8.195069702579159454e+00
1.042186652774775446e+01 3.515085173455460676e+01 3.853096366128066531e-03 8.159101780265798354e+00
1.052660802768051340e+01 3.517801387936352597e+01 3.793387093044334885e-03 8.123424899416882283e+00
1.063240219718824520e+01 3.520344063559545589e+01 3.734544108520892591e-03 8.088031781212466242e+00
1.073925961577606181e+01 3.522717874033867957e+01 3.676558650450284255e-03 8.052913872335434320e+00
1.084719096927486603e+01 3.524928041871680051e+01 3.619422819890193675e-03 8.018060757815643314e+00
1.095620705090995450e+01 3.526980637915592354e+01 3.563129956619445499e-03 7.983459214692897987e+00
1.106631876238033918e+01 3.528883085352515536e+01 3.507675275280563564e-03 7.949091613296490166e+00
1.117753711494892244e+01 3.530645058691617777e+01 3.453057006452516300e-03 7.914933056137948064e+00
1.128987323054364822e+01 3.532276466669759429e+01 3.399273859779714836e-03 7.880956855140770934e+00
1.140333834286968440e+01 3.533750235592447808e+01 3.346277951752024346e-03 7.847244836928389589e+00
1.151794379853282280e+01 3.535059707414887953e+01 3.294047528665666833e-03 7.813821107007117739e+00
1.163370105817413247e+01 3.536207552292025724e+01 3.242572819644053573e-03 7.780682569015148431e+00
1.175062169761604380e+01 3.537196453124076356e+01 3.191844232629951865e-03 7.747825968972259503e+00
1.186871740901993277e+01 3.538029324072549997e+01 3.141852635584645777e-03 7.715247191751702260e+00
1.198800000205535454e+01 3.538688467658334957e+01 3.092562076658149101e-03 7.683008979231570557e+00
1.201200000205946594e+01 3.538801705539359688e+01 3.082790016321695047e-03 7.676595274540433778e+00
1.213272260909518963e+01 3.539308274537954446e+01 3.034397544323026198e-03 7.644590393002060225e+00
1.225465849850245448e+01 3.539659316737753869e+01 2.986702271986480146e-03 7.612878114149454589e+00
1.237781986397182266e+01 3.539861982227644432e+01 2.939701330793463661e-03 7.581440139427200187e+00
1.250221902174247113e+01 3.539920075106803665e+01 2.893387581614231471e-03 7.550268853842646344e+00
1.262786841183384645e+01 3.539836258499772725e+01 2.847752524857320201e-03 7.519360287783278807e+00
1.275478059928965813e+01 3.539612938615248794e+01 2.802787465505066945e-03 7.488711222263932932e+00
1.288296827543442369e+01 3.539252417476842538e+01 2.758483713428110801e-03 7.458318689480873509e+00
1.301244425914257263e+01 3.538757100492225760e+01 2.714832864268373804e-03 7.428179215900988730e+00
1.314322149812037743e+01 3.538148403938175335e+01 2.671852754706512297e-03 7.398216918805576192e+00
1.327531307020071338e+01 3.537437667710310052e+01 2.629547611287648412e-03 7.368390825381328391e+00
1.340873218465086758e+01 3.536618078741993543e+01 2.587896857897574281e-03 7.338728801183438399e+00
1.354349218349346629e+01 3.535685675525202498e+01 2.546883929970269415e-03 7.309249039826753780e+00
1.367960654284069832e+01 3.534638287333480378e+01 2.506494837333231567e-03 7.279963610466342772e+00
1.381708887424192334e+01 3.533474908794303815e+01 2.466717314382964321e-03 7.250880555717589715e+00
1.395595292604485138e+01 3.532195315414128345e+01 2.427540295820006678e-03 7.222005185548908024e+00
1.409621258477038275e+01 3.530799818655911082e+01 2.388953581258981135e-03 7.193340904478969122e+00
1.423788187650127313e+01 3.529289105062782994e+01 2.350947613801360799e-03 7.164889757072305798e+00
1.438097496828475741e+01 3.527664127746313483e+01 2.313513329755302172e-03 7.136652797516787494e+00
1.452550616954925466e+01 3.525926031484062406e+01 2.276642054118252576e-03 7.108630346023849356e+00
1.467148993353533548e+01 3.524076099960831954e+01 2.240325426280426364e-03 7.080822170477877542e+00
1.481894085874105116e+01 3.522115717942314461e+01 2.204555346158224016e-03 7.053227617548562201e+00
1.496787369038180060e+01 3.520046343729155325e+01 2.169323934430488193e-03 7.025845708917231924e+00
1.511830332186485748e+01 3.517871835972297845e+01 2.134627122392351514e-03 6.998663345278732351e+00
1.527024479627872999e+01 3.515601087520414580e+01 2.100468816001114635e-03 6.971640731327134688e+00
1.542371330789747397e+01 3.513234327747667862e+01 2.066839777392351016e-03 6.944780696377549134e+00
1.557872420370014765e+01 3.510771533266127165e+01 2.033730456980879439e-03 6.918087727530672026e+00
1.573529298490550410e+01 3.508214137336231886e+01 2.001133710372963569e-03 6.891558704421587578e+00
1.589343530852213782e+01 3.505571000968483730e+01 1.969054543931602480e-03 6.865148435343200184e+00
1.605316698891419946e+01 3.502843466997502020e+01 1.937486155709446404e-03 6.838851614090544651e+00
1.621450399938283482e+01 3.500030839819644513e+01 1.906418541674286590e-03 6.812674598999734599e+00
1.637746247376353992e+01 3.497132712942094912e+01 1.875842226122282535e-03 6.786622640306321230e+00
1.654205870803955136e+01 3.494148920828975236e+01 1.845748190366342401e-03 6.760700054950369520e+00
1.670830916197146010e+01 3.491079499473541858e+01 1.816127814080663837e-03 6.734910370367189536e+00
1.687623046074320854e+01 3.487924653962743093e+01 1.786972826784848003e-03 6.709256443352408006e+00
1.704583939662460423e+01 3.484684731673120694e+01 1.758275267495062674e-03 6.683740558793050290e+00
1.721715293065057040e+01 3.481360200024413132e+01 1.730027450988550191e-03 6.658364512052060036e+00
1.739018819431727536e+01 3.477952642901830416e+01 1.702223809340175278e-03 6.633122391536703688e+00
1.756496249129529019e+01 3.474469554588834797e+01 1.674869962035455693e-03 6.607964302129873957e+00
1.774149329915994855e+01 3.470911715659828900e+01 1.647959579417197220e-03 6.582886042818741679e+00
1.791979827113915036e+01 3.467278200579584535e+01 1.621483209446618855e-03 6.557896328406043196e+00
1.809989523787867682e+01 3.463568355341852367e+01 1.595431892330234679e-03 6.533002791615372118e+00
1.828180220922529386e+01 3.459781762762300161e+01 1.569797106987689270e-03 6.508212115405917153e+00
1.846553737602771861e+01 3.455918212609617512e+01 1.544570724955006066e-03 6.483530147162364088e+00
1.865111911195574379e+01 3.451977675848953453e+01 1.519744970580080238e-03 6.458961997443905645e+00
1.883856597533761246e+01 3.447960282385542996e+01 1.495312386554372439e-03 6.434512125558550899e+00
1.902789671101587743e+01 3.443866301792261453e+01 1.471265803979918694e-03 6.410184413877932030e+00
1.921913025222187343e+01 3.439696126585317160e+01 1.447598316300099204e-03 6.385982232510768242e+00
1.941228572246908612e+01 3.435450257679802633e+01 1.424303256529366787e-03 6.361908495706602551e+00
1.960738243746551035e+01 3.431129291713683926e+01 1.401374177306820637e-03 6.337965711150685522e+00
1.980443990704521440e+01 3.426733909976255177e+01 1.378804833372414447e-03 6.314156023136828111e+00
2.000347783711938021e+01 3.422264880912537421e+01 1.356589197203526354e-03 6.290481106354441465e+00
2.020451613164687998e+01 3.417725331782549603e+01 1.334727402587375074e-03 6.266914219241811246e+00
2.040757489462469465e+01 3.413116597835277588e+01 1.313215518976831300e-03 6.243447022963003690e+00
2.061267443209834127e+01 3.408439041696594529e+01 1.292047195927379516e-03 6.220082856187675091e+00
2.081983525419248338e+01 3.403693116768884863e+01 1.271216294922262102e-03 6.196824645773801876e+00
2.102907807716196587e+01 3.398879357482590535e+01 1.250716873509866893e-03 6.173674946390084628e+00
2.124042382546345564e+01 3.393998370629736172e+01 1.230543171137216986e-03 6.150635975882124740e+00
2.145389363384790471e+01 3.389050827649733577e+01 1.210689596472903874e-03 6.127709646881190686e+00
2.166950884947403821e+01 3.384037457754344302e+01 1.191150716039972085e-03 6.104897595092131368e+00
2.188729103404310550e+01 3.378959041792720086e+01 1.171921244002610248e-03 6.082201204643269854e+00
2.210726196595504689e+01 3.373816406769933707e+01 1.152996032970798066e-03 6.059621630833403216e+00
2.232944364248636759e+01 3.368610420943196004e+01 1.134370065704340619e-03 6.037159820570668245e+00
2.255385828198986076e+01 3.363341989429272871e+01 1.116038447613011513e-03 6.014816530760971780e+00
2.278052832611649947e+01 3.358012050264864712e+01 1.097996399962172060e-03 5.992592344874402954e+00
2.300947644205959364e+01 3.352621588963363308e+01 1.080239345882847085e-03 5.970487178420841978e+00
2.324072552482151366e+01 3.347173300260997308e+01 1.062772238007784077e-03 5.948448020468658726e+00
2.347429869950325454e+01 3.341668999914874405e+01 1.045598699952104103e-03 5.926427117111034093e+00
2.371021932361692919e+01 3.336108464700759413e+01 1.028712445560380894e-03 5.904431639055466086e+00
2.394851098942154266e+01 3.330491581772775334e+01 1.012107389717355329e-03 5.882468460857495529e+00
2.418919752628226050e+01 3.324818349779401672e+01 9.957776874345376696e-04 5.860543890381451959e+00
2.443230300305333813e+01 3.319088869512753348e+01 9.797177170133104449e-04 5.838663712563076480e+00
2.467785173048504177e+01 3.313303335327829302e+01 9.639220646993024253e-04 5.816833229584832843e+00
2.492586826365473485e+01 3.307462027270518234e+01 9.483855106854711730e-04 5.795057297756549097e+00
2.517637740442242134e+01 3.301565303856978062e+01 9.331030163351830033e-04 5.773340361372246932e+00
2.542940420391093070e+01 3.295613595450732447e+01 9.180697125089069995e-04 5.751686483795217519e+00
2.568497396501107843e+01 3.289607398187734333e+01 9.032808888895701429e-04 5.730099376003438216e+00
2.594311224491194068e+01 3.283547268403167863e+01 8.887319842119106731e-04 5.708582422809318935e+00
2.620384485765662319e+01 3.277433817517461989e+01 8.744185773103914025e-04 5.687138706950900513e+00
2.646719787672368795e+01 3.271267707342307318e+01 8.603363789087455906e-04 5.665771031234958066e+00
2.673319763763448975e+01 3.265049455912087240e+01 8.464831997601580471e-04 5.644468764766157776e+00
2.700187074058680281e+01 3.258779354555289132e+01 8.328574876785269001e-04 5.623216866436107964e+00
2.727324405311480149e+01 3.252457897475323279e+01 8.194548302203119366e-04 5.602019527638195662e+00
2.754734471277589236e+01 3.246085644357869882e+01 8.062709166887564683e-04 5.580880890811027228e+00
2.782420012986445457e+01 3.239663212059061692e+01 7.933015760236970023e-04 5.559804766181496660e+00
2.810383799015291473e+01 3.233191269993780281e+01 7.805427686234702725e-04 5.538794654664727091e+00
2.838628625766033764e+01 3.226670535870103151e+01 7.679905788094293926e-04 5.517853769041633605e+00
2.867157317744884182e+01 3.220101771743322416e+01 7.556412078766275167e-04 5.496985053547102318e+00
2.895972727844814898e+01 3.213485780364875666e+01 7.434909676792423715e-04 5.476191201993084512e+00
2.925077737630848773e+01 3.206823401803253404e+01 7.315362747042743804e-04 5.455474674539916080e+00
2.954475257628218188e+01 3.200115442441584435e+01 7.197738416878005606e-04 5.434836224992631415e+00
2.984168227613421820e+01 3.193361540795129727e+01 7.082035923039457130e-04 5.414252500360139386e+00
3.014159616908201400e+01 3.186561959170852631e+01 6.968229924007665350e-04 5.393718407008064375e+00
3.044452424676480362e+01 3.179717392074821092e+01 6.856283930617121684e-04 5.373237755139788518e+00
3.075049680224278958e+01 3.172828126469304166e+01 6.746172400924557591e-04 5.352806283196915871e+00
3.105954443302649537e+01 3.165893327966953308e+01 6.637891388815002911e-04 5.332402587541857031e+00
3.137169804413655072e+01 3.158913509733621083e+01 6.531404798899440511e-04 5.312030768842291195e+00
3.168698885119418662e+01 3.151889293263591441e+01 6.426676476729402138e-04 5.291695620364074593e+00
3.200544838354284138e+01 3.144821348093849167e+01 6.323671464188576142e-04 5.271401609622258455e+00
3.232710848740116205e+01 3.137710388319841570e+01 6.222355933254456947e-04 5.251152898422829729e+00
3.265200132904757169e+01 3.130557169328790224e+01 6.122697124517343563e-04 5.230953361580491290e+00
3.298015939803696739e+01 3.123362484737797473e+01 6.024663290079183093e-04 5.210806604398293018e+00
3.331161551044972668e+01 3.116127163524480181e+01 5.928223640484730182e-04 5.190715978990962043e+00
3.364640281217329942e+01 3.108852067338273883e+01 5.833348295367006379e-04 5.170684599528116543e+00
3.398455478221685411e+01 3.101538087981078462e+01 5.740008237514414823e-04 5.150715356469695472e+00
3.432610523605919184e+01 3.094186145046496250e+01 5.648175270090466556e-04 5.130810929861864267e+00
3.467108832903031868e+01 3.086797183707442471e+01 5.557821976761146256e-04 5.110973801755734236e+00
3.501953855972701035e+01 3.079372172642393224e+01 5.468921684502524392e-04 5.091206267809527120e+00
3.537149077346272463e+01 3.071911690755519686e+01 5.381452832319194362e-04 5.071506298305843430e+00
3.572698016575212421e+01 3.064413819990230792e+01 5.295419304447836293e-04 5.051847863716690590e+00
3.608604228583069329e+01 3.056878558311409577e+01 5.210801568318841137e-04 5.032226643473767247e+00
3.644871304020963265e+01 3.049304697439333367e+01 5.127591150425897136e-04 5.012627692153066583e+00
3.681502869626662999e+01 3.041692169686317015e+01 5.045766823649436988e-04 4.993048352960170355e+00
3.718502588587254110e+01 3.034041646476676490e+01 4.965300883222974106e-04 4.973492741250970184e+00
3.755874160905466397e+01 3.026353827420618359e+01 4.886166478274974693e-04 4.953964721726938691e+00
3.793621323769675513e+01 3.018629438284059674e+01 4.808337569318756402e-04 4.934467922462395073e+00
3.831747851927622861e+01 3.010869229067707309e+01 4.731788888503589722e-04 4.915005748111784811e+00
3.870257558063895686e+01 3.003073972190554386e+01 4.656495902427969127e-04 4.895581392342992721e+00
3.909154293181201467e+01 2.995244460772862638e+01 4.582434777329485206e-04 4.876197849541975771e+00
3.948441946985465023e+01 2.987381507013862247e+01 4.509582346481229276e-04 4.856857925830177614e+00
3.988124448274805189e+01 2.979485940659385435e+01 4.437916079636358897e-04 4.837564249435230224e+00
4.028205765332422317e+01 2.971558607554805675e+01 4.367414054374765451e-04 4.818319280452860731e+00
4.068689906323420757e+01 2.963600302589989255e+01 4.298055356711064394e-04 4.799124842704086014e+00
4.109580919695638812e+01 2.955608915249518631e+01 4.229837772247737834e-04 4.779962082915579558e+00
4.150882894584488980e+01 2.947583011981886969e+01 4.162752706478679084e-04 4.760818898310660074e+00
4.192599961221876725e+01 2.939523281457996973e+01 4.096777970833141757e-04 4.741698717141586528e+00
4.234736291349231863e+01 2.931430428772687691e+01 4.031892018371002339e-04 4.722604769776175715e+00
4.277296098634680988e+01 2.923305174110265980e+01 3.968073914265628178e-04 4.703540099246912298e+00
4.320283639094419215e+01 2.915147464393419696e+01 3.905307541369498173e-04 4.684502493295794601e+00
4.363703211518314617e+01 2.906956521907779134e+01 3.843580522315850597e-04 4.665485467449166812e+00
4.407559157899793689e+01 2.898733131146776998e+01 3.782872152029747356e-04 4.646492830145945163e+00
4.451855863870040508e+01 2.890478136832917855e+01 3.723162135553698712e-04 4.627528438492091389e+00
4.496597759136565742e+01 2.882192401469520249e+01 3.664430787065303761e-04 4.608595937960712874e+00
4.541789317926183855e+01 2.873876804037650246e+01 3.606659001448287143e-04 4.589698773265398657e+00
4.587435059432430506e+01 2.865532238751906391e+01 3.549828227589755299e-04 4.570840198639956498e+00
4.633539548267496855e+01 2.857159613873121273e+01 3.493920443285927898e-04 4.552023287555634568e+00
4.680107394918683639e+01 2.848759850576026054e+01 3.438918131646300099e-04 4.533250941906545428e+00
4.727143256209466671e+01 2.840332751054394933e+01 3.384809005909507167e-04 4.514519569309111802e+00
4.774651835765168784e+01 2.831874949996323920e+01 3.331593459797487292e-04 4.495808636547899972e+00
4.822637884483336990e+01 2.823386779145130987e+01 3.279255571156653565e-04 4.477119263287406170e+00
4.871106201008832670e+01 2.814868906207796684e+01 3.227778470544371203e-04 4.458454289261418069e+00
4.920061632213697322e+01 2.806322006155496496e+01 3.177145746328812370e-04 4.439816403130955713e+00
4.969509073681849287e+01 2.797746760426100110e+01 3.127341425385885216e-04 4.421208150142464710e+00
5.019453470198639167e+01 2.789143841481752162e+01 3.078350008356016171e-04 4.402631862922787853e+00
5.069899816245341384e+01 2.780512190829315955e+01 3.030162456355269202e-04 4.384080977380331312e+00
5.120853156498598935e+01 2.771851822620951467e+01 2.982765705617215009e-04 4.365554853397081381e+00
5.172318586334898072e+01 2.763163478983378951e+01 2.936144445703494851e-04 4.347056489454252493e+00
5.224301252340111290e+01 2.754447909167541297e+01 2.890283787626036767e-04 4.328588731905548492e+00
5.276806352824156221e+01 2.745705868829963947e+01 2.845169246077741991e-04 4.310154282469281561e+00
5.329839138340837934e+01 2.736938119346077514e+01 2.800786722658958486e-04 4.291755705339588722e+00
5.383404912212900228e+01 2.728145427154575842e+01 2.757122490036658909e-04 4.273395433934690679e+00
5.437509031062369758e+01 2.719328524776105382e+01 2.714163291531750577e-04 4.255075597709123691e+00
5.492156905346217854e+01 2.710484752060714797e+01 2.671906022664034645e-04 4.236782643637044821e+00
5.547353999897414667e+01 2.701611766811977589e+01 2.630345807119713916e-04 4.218505555216126801e+00
5.603105834471408997e+01 2.692710115297480300e+01 2.589469240106118098e-04 4.200246972449097171e+00
5.659417984298123372e+01 2.683780345186428207e+01 2.549263270622657168e-04 4.182009408188273270e+00
5.716296080639464350e+01 2.674823005070440374e+01 2.509715187342701718e-04 4.163795254307715688e+00
5.773745811352464585e+01 2.665838630822248945e+01 2.470812639639556347e-04 4.145606729878823948e+00
5.831772921458070158e+01 2.656826060337051487e+01 2.432547881719332222e-04 4.127438660767114520e+00
5.890383213715649902e+01 2.647784293080009377e+01 2.394912558772977450e-04 4.109287000847040794e+00
5.949582549203270077e+01 2.638713878842208160e+01 2.357894488115957457e-04 4.091154482842527251e+00
6.009376847903811125e+01 2.629615368233923434e+01 2.321481810851332714e-04 4.073043714142149163e+00
6.069772089296974116e+01 2.620489312285491934e+01 2.285662979003648648e-04 4.054957182758164969e+00
6.130774312957228744e+01 2.611336262064956060e+01 2.250426743333149677e-04 4.036897263003438319e+00
6.192389619157772529e+01 2.602156768312342905e+01 2.215762141788885130e-04 4.018866220899464992e+00
6.254624169480573670e+01 2.592951381090334806e+01 2.181658488561955759e-04 4.000866219328171880e+00
6.317484187432528842e+01 2.583720483810701296e+01 2.148105719316428450e-04 3.982898663580220600e+00
6.380975959067813363e+01 2.574461263143806633e+01 2.115100658578372087e-04 3.964952402343015159e+00
6.445105833616503332e+01 2.565173091353963386e+01 2.082635147001903812e-04 3.947025531182353664e+00
6.509880224119494585e+01 2.555856543334030206e+01 2.050698661476197434e-04 3.929120891279046290e+00
6.575305608069814411e+01 2.546512189842664853e+01 2.019280969636665156e-04 3.911241184890722700e+00
6.641388528060382157e+01 2.537139434841824936e+01 1.988374361700613526e-04 3.893384588169975569e+00
6.708135592438264894e+01 2.527737704577132405e+01 1.957971096715313737e-04 3.875549550652474640e+00
6.775553475965523376e+01 2.518307532518121761e+01 1.928061436700927601e-04 3.857738741084812517e+00
6.843648920486690201e+01 2.508849450950510018e+01 1.898635900019937618e-04 3.839954715412999597e+00
6.912428735602966867e+01 2.499363990740226171e+01 1.869685251451438717e-04 3.822199922007511130e+00
6.981899799353179503e+01 2.489851681106951631e+01 1.841200492774217349e-04 3.804476706650493423e+00
7.052069058901597032e+01 2.480313049407314807e+01 1.813172853828369491e-04 3.786787317296192334e+00
7.122943531232648695e+01 2.470748620927777495e+01 1.785593784027186197e-04 3.769133908615035722e+00
7.194530303852627640e+01 2.461158918687296193e+01 1.758454944293068713e-04 3.751518546331042092e+00
7.266836535498455873e+01 2.451544463249651429e+01 1.731748199392312633e-04 3.733943211362939163e+00
7.339869456853550389e+01 2.441905630818146378e+01 1.705465837671629628e-04 3.716409309061869948e+00
7.413636371270909819e+01 2.432240866168013227e+01 1.679603326592430995e-04 3.698911563047337037e+00
7.488144655503447211e+01 2.422548355795487751e+01 1.654156392201276227e-04 3.681444154818334091e+00
7.563401760441674071e+01 2.412827133749746267e+01 1.629119323973801832e-04 3.664004510592486774e+00
7.639415211858802479e+01 2.403077443343291364e+01 1.604484620140385646e-04 3.646594281931905268e+00
7.716192611163316428e+01 2.393299520969958394e+01 1.580244952353526352e-04 3.629215054550869901e+00
7.793741636159128916e+01 2.383493595977725477e+01 1.556393159955376030e-04 3.611868351313725078e+00
7.872070041813364583e+01 2.373659890547498819e+01 1.532922244505751188e-04 3.594555635101992941e+00
7.951185661031861684e+01 2.363798619577767468e+01 1.509825364556316245e-04 3.577278311556729484e+00
8.031096405442470143e+01 2.353909990575023059e+01 1.487095830657689406e-04 3.560037731701428676e+00
8.111810266186228091e+01 2.343994203549811672e+01 1.464727100586561085e-04 3.542835194451691816e+00
8.193335314716466655e+01 2.334051450918304127e+01 1.442712774781142312e-04 3.525671949016447204e+00
8.275679703605980819e+01 2.324081917409220566e+01 1.421046591973621355e-04 3.508549197196169978e+00
8.358851667362276316e+01 2.314084492877346122e+01 1.399724057133974828e-04 3.491464024414948408e+00
8.442859523251043186e+01 2.304057985671362729e+01 1.378740735671705997e-04 3.474413481400097758e+00
8.527711672127873044e+01 2.294002614553655661e+01 1.358090448857140965e-04 3.457399176275715469e+00
8.613416599278366448e+01 2.283918422564376982e+01 1.337767362506029386e-04 3.440422135359006983e+00
8.699982875266660187e+01 2.273805308714312901e+01 1.317765921709712553e-04 3.423482936908127883e+00
8.787419156792488195e+01 2.263663189158210187e+01 1.298080644392598647e-04 3.406582224772526146e+00
8.875734187556869870e+01 2.253491968256178524e+01 1.278706155069301534e-04 3.389720617487679721e+00
8.964936799136478385e+01 2.243291538450802847e+01 1.259637182181128176e-04 3.372898709347677215e+00
9.055035911866804099e+01 2.233061780144727138e+01 1.240868555527536738e-04 3.356117071426960585e+00
9.146040535734206856e+01 2.222802561578460256e+01 1.222395203787993840e-04 3.339376252553674984e+00
9.237959771276906906e+01 2.212512873994493390e+01 1.204213086866686518e-04 3.322674201101878833e+00
9.330802810495060839e+01 2.202190130536736490e+01 1.186319819635294474e-04 3.306004392319485952e+00
9.424578937769959452e+01 2.191834652582950227e+01 1.168709859858465823e-04 3.289369148157744505e+00
9.519297530792475470e+01 2.181446861896153422e+01 1.151377697054533782e-04 3.272771016915664966e+00
9.614968061500844954e+01 2.171027177472036485e+01 1.134317961084438218e-04 3.256212465907582398e+00
9.711600097027866241e+01 2.160576015647602688e+01 1.117525417037720320e-04 3.239695885296471012e+00
9.809203300657618740e+01 2.150093790209268363e+01 1.100994960359963126e-04 3.223223591784394326e+00
9.907787432791796789e+01 2.139580912500984766e+01 1.084721612208320142e-04 3.206797832166869533e+00
1.000736235192577368e+02 2.129039415714954231e+01 1.068698962869573955e-04 3.190425420449057636e+00
1.010793801563443708e+02 2.118472974029180733e+01 1.052919327040889900e-04 3.174117487185664110e+00
1.020952448156797630e+02 2.107878971417635583e+01 1.037381178256434902e-04 3.157867048535643928e+00
1.031213190845763563e+02 2.097256144734027217e+01 1.022081608505868863e-04 3.141671283692517580e+00
1.041577055713161286e+02 2.086604470709615100e+01 1.007016581085538420e-04 3.125530957669477417e+00
1.052045079154114404e+02 2.075923917178764810e+01 9.921821369055136271e-05 3.109446815172450140e+00
1.062618307979689689e+02 2.065214443059059590e+01 9.775743925341941025e-05 3.093419581710834088e+00
1.073297799521581197e+02 2.054475998333725784e+01 9.631895383099398739e-05 3.077449964673081517e+00
1.084084621737842866e+02 2.043708524036306429e+01 9.490238365166888551e-05 3.061538654369079016e+00
1.094979853319685077e+02 2.032911952237502362e+01 9.350736196205268133e-05 3.045686325041702780e+00
1.105984583799345700e+02 2.022086071034712518e+01 9.213354008119898134e-05 3.029893266713479250e+00
1.117099913659042727e+02 2.011228697551705125e+01 9.078073488382520169e-05 3.014154466053051262e+00
1.128326954441025549e+02 2.000338912544573589e+01 8.944865372009863050e-05 2.998468569281064866e+00
1.139666828858728138e+02 1.989416462806937602e+01 8.813695271670252400e-05 2.982836087136782055e+00
1.151120670909042190e+02 1.978461083084676275e+01 8.684529430148812696e-05 2.967257517109751941e+00
1.162689625985717470e+02 1.967472679460212248e+01 8.557333276676802754e-05 2.951733837164779217e+00
1.174374850993902584e+02 1.956457176603369774e+01 8.432026958974746364e-05 2.936282010065213832e+00
1.186177514465835827e+02 1.945416914996359381e+01 8.308561866052392784e-05 2.920908839866588114e+00
1.198098796677700477e+02 1.934351924112099042e+01 8.186908238597923547e-05 2.905614865254511514e+00
1.210139889767651908e+02 1.923261337268887061e+01 8.067043367739725531e-05 2.890398279906699841e+00
1.222301997855033164e+02 1.912144303084878061e+01 7.948944350716127794e-05 2.875257437888361522e+00
1.234586337160788361e+02 1.901000723146428228e+01 7.832582927418472844e-05 2.860192745911780410e+00
1.246994136129085007e+02 1.889830491788620748e+01 7.717931301693730848e-05 2.845204614141644939e+00
1.259526635550160023e+02 1.878633496144647452e+01 7.604962132164966413e-05 2.830293456809693797e+00
1.272185088684398693e+02 1.867409616197837963e+01 7.493648523255872548e-05 2.815459692837171790e+00
1.284970761387664027e+02 1.856158724836355844e+01 7.383964016411217243e-05 2.800703746466741251e+00
1.297884932237880378e+02 1.844880610968948531e+01 7.275883103536698337e-05 2.786025848013243156e+00
1.310928892662894896e+02 1.833573739701487426e+01 7.169389420838513313e-05 2.771422854294905758e+00
1.324103947069619949e+02 1.822237531907682495e+01 7.064459991817538184e-05 2.756894234278622680e+00
1.337411412974475979e+02 1.810871902619702922e+01 6.961068841135472848e-05 2.742440770258574023e+00
1.350852621135142329e+02 1.799476761305847461e+01 6.859190446629899712e-05 2.728063245511997970e+00
1.364428915683636774e+02 1.788053840480576895e+01 6.758788034368219102e-05 2.713767140899157493e+00
1.378141654260727194e+02 1.776609840832209031e+01 6.659795022743617791e-05 2.699570377532339194e+00
1.391992208151698946e+02 1.765145175735169403e+01 6.562187145614807571e-05 2.685474389943389717e+00
1.405981962423483083e+02 1.753658624571726676e+01 6.465950621717239308e-05 2.671476470985574725e+00
1.420112316063165281e+02 1.742149096186968293e+01 6.371070591772210227e-05 2.657574392841225208e+00
1.434384682117884893e+02 1.730616505657205195e+01 6.277526022824226953e-05 2.643768576015865346e+00
1.448800487836140576e+02 1.719060764256025564e+01 6.185296178017083508e-05 2.630059465603094448e+00
1.463361174810517582e+02 1.707481779598381522e+01 6.094360611693470101e-05 2.616447532142224031e+00
1.478068199121847499e+02 1.695879455788417189e+01 6.004699164523707652e-05 2.602933272529907693e+00
1.492923031484817216e+02 1.684253692161442828e+01 5.916291967290694871e-05 2.589517207212393757e+00
1.507927157395041888e+02 1.672603697511266674e+01 5.829123356747815146e-05 2.576198148276143574e+00
1.523082077277616406e+02 1.660929136490436520e+01 5.743175066053746587e-05 2.562976152549086617e+00
1.538389306637157858e+02 1.649230028685276039e+01 5.658427033520344729e-05 2.549852216840405639e+00
1.553850376209358615e+02 1.637506393540251182e+01 5.574859504382016176e-05 2.536827365539955803e+00
1.569466832114059400e+02 1.625758250587810139e+01 5.492453023914530680e-05 2.523902652409161007e+00
1.585240236009865384e+02 1.613985725947923555e+01 5.411187845966744601e-05 2.511079433786245652e+00
1.601172165250310115e+02 1.602192767833712139e+01 5.331023949712929827e-05 2.498368745900802601e+00
1.617264213041594587e+02 1.590380994195005115e+01 5.251935484354915986e-05 2.485775480065759879e+00
1.633517988601907689e+02 1.578550581810108255e+01 5.173904907130629080e-05 2.473300869831715154e+00
1.649935117322350493e+02 1.566701774750320908e+01 5.096914588559355573e-05 2.460946356203498553e+00
1.666517240929476600e+02 1.554834822949827888e+01 5.020947146405327664e-05 2.448713432755397879e+00
1.683266017649464175e+02 1.542949982489805194e+01 4.945985440148631022e-05 2.436603648469323868e+00
1.700183122373943263e+02 1.531047734238089575e+01 4.872011443622264505e-05 2.424619169059145651e+00
1.717270246827483220e+02 1.519129044978904552e+01 4.799005028341861640e-05 2.412763417725252602e+00
1.734529099736769808e+02 1.507194020682131530e+01 4.726950845893025763e-05 2.401037641294906599e+00
1.751961407001475379e+02 1.495242703946051499e+01 4.655834054060246186e-05 2.389442987472687019e+00
1.769568911866853966e+02 1.483275139934331044e+01 4.585639970464113282e-05 2.377980676996715559e+00
1.787353375098064987e+02 1.471291376584764521e+01 4.516354069793750137e-05 2.366652006698165334e+00
1.805316575156251986e+02 1.459291376754616110e+01 4.447962410336008221e-05 2.355458125407286385e+00
1.823460308376389776e+02 1.447275043764694580e+01 4.380451473578953744e-05 2.344400109656364251e+00
1.841786389146920442e+02 1.435242399511501610e+01 4.313807299273813482e-05 2.333479425486409298e+00
1.860296650091193555e+02 1.423195993983528673e+01 4.248004032775033495e-05 2.322704209331337921e+00
1.878992942250727651e+02 1.411139961057675407e+01 4.183009359424261036e-05 2.312086625029182496e+00
1.897877135270319968e+02 1.399074481917459423e+01 4.118810600307965187e-05 2.301628498444006521e+00
1.916951117585008433e+02 1.387000080803419344e+01 4.055393612239606091e-05 2.291332661156905370e+00
1.936216796608919708e+02 1.374916853932954197e+01 3.992746447447659307e-05 2.281200913681141085e+00
1.955676098926011832e+02 1.362824763874767342e+01 3.930857862713109667e-05 2.271234826201093959e+00
1.975330970482731630e+02 1.350723773705048103e+01 3.869716674745925027e-05 2.261436099941555700e+00
1.995183376782614744e+02 1.338613848898278569e+01 3.809311750646335006e-05 2.251806578186639651e+00
2.015235303082833980e+02 1.326495261902135780e+01 3.749630637530394631e-05 2.242349071837026919e+00
2.035488754592730061e+02 1.314368162771617499e+01 3.690661572119323082e-05 2.233066198159717075e+00
2.055945756674331903e+02 1.302232591350966651e+01 3.632393374970156687e-05 2.223960431568613227e+00
2.076608355044894836e+02 1.290088588760622024e+01 3.574814930361595622e-05 2.215034414850341804e+00
2.097478615981474945e+02 1.277936139674773131e+01 3.517915439172091446e-05 2.206290808332438846e+00
2.118558626527557749e+02 1.265773692766787484e+01 3.461690855913913273e-05 2.197728201722925157e+00
2.139850494701764774e+02 1.253600379199855830e+01 3.406133826256550501e-05 2.189347326180546283e+00
2.161356349708657092e+02 1.241419460038873268e+01 3.351219038741616666e-05 2.181160720767743921e+00
2.183078342151655988e+02 1.229232563676845302e+01 3.296929071982793353e-05 2.173176444752321856e+00
2.205018644248108046e+02 1.217040526815908486e+01 3.243250198843282021e-05 2.165400586728874810e+00
2.227179450046506872e+02 1.204845674655554610e+01 3.190162606355821911e-05 2.157843748150749086e+00
2.249562975645899314e+02 1.192647961857861993e+01 3.137657002650784697e-05 2.150509957906352909e+00
2.272171459417498625e+02 1.180446978595902863e+01 3.085725585005046865e-05 2.143402501130176496e+00
2.295007162228521906e+02 1.168242309420032043e+01 3.034360463114198884e-05 2.136524975353652156e+00
2.318072367668280549e+02 1.156034097422446472e+01 2.983551287814407985e-05 2.129883001441085444e+00
2.341369382276539000e+02 1.143822603455559062e+01 2.933287235141908411e-05 2.123482925979018887e+00
2.364900535774173420e+02 1.131607707294275578e+01 2.883559058904668946e-05 2.117330362327868976e+00
2.388668181296141881e+02 1.119389273525771245e+01 2.834357494506432542e-05 2.111431322625302975e+00
2.412674695626803043e+02 1.107167316659256429e+01 2.785672558400705418e-05 2.105792772533578550e+00
2.436922479437596110e+02 1.094941986125817657e+01 2.737493645888465577e-05 2.100422623204639017e+00
2.461413957527108778e+02 1.082713453839596873e+01 2.689809962990098412e-05 2.095329462277604193e+00
2.486151579063559041e+02 1.070483426475125910e+01 2.642604377327325218e-05 2.090527465946196983e+00
2.511137817829715573e+02 1.058251578075763888e+01 2.595868240275692946e-05 2.086024924509213729e+00
2.536375172470276880e+02 1.046017259998560256e+01 2.549593974575290026e-05 2.081829817199520871e+00
2.561866166741738198e+02 1.033779941253372670e+01 2.503773221281754981e-05 2.077951318011481696e+00
2.587613349764768600e+02 1.021539049119757081e+01 2.458397484544118191e-05 2.074399343996942591e+00
2.613619296279127866e+02 1.009294169968915611e+01 2.413457269196525107e-05 2.071185350711655548e+00
2.639886606901138748e+02 9.970450205116197395e+00 2.368942214460776605e-05 2.068322340457215525e+00
2.666417908383752433e+02 9.847907464845881975e+00 2.324843910918459932e-05 2.065822487063186497e+00
2.693215853879226529e+02 9.725303874513615554e+00 2.281153878431117462e-05 2.063698880305230077e+00
2.720283123204442290e+02 9.602618069440655546e+00 2.237867908505354855e-05 2.061961597675354696e+00
2.747622423108888938e+02 9.479826624954590386e+00 2.194981802005806584e-05 2.060621408233133334e+00
2.775236487545338946e+02 9.356912954419861705e+00 2.152487698578003285e-05 2.059693335119158419e+00
2.803128077943248968e+02 9.233878628450234771e+00 2.110369328254832090e-05 2.059201689598496365e+00
2.831299983484900622e+02 9.110739838232536414e+00 2.068603711411554755e-05 2.059179296174782792e+00
2.859755021384325460e+02 8.987482638659857415e+00 2.027179696993482616e-05 2.059649519971385345e+00
2.888496037169026067e+02 8.864087391613148625e+00 1.986087286515094975e-05 2.060636327729544970e+00
2.917525904964531378e+02 8.740533069137745414e+00 1.945315626963320458e-05 2.062166455598368753e+00
2.946847527781812914e+02 8.616795361150808574e+00 1.904853611431921300e-05 2.064269036768812793e+00
2.976463837807587538e+02 8.492846485156828606e+00 1.864689693806216019e-05 2.066976047114236881e+00
3.006377796697537406e+02 8.368656185289411908e+00 1.824811143601952942e-05 2.070323445442679322e+00
3.036592395872478960e+02 8.244190780767134186e+00 1.785204097074843545e-05 2.074351550037850433e+00
3.067110656817511654e+02 8.119411110751665106e+00 1.745854000881862439e-05 2.079105000529712033e+00
3.097935631384159478e+02 7.994272697361917146e+00 1.706744974837621381e-05 2.084634029876360817e+00
3.129070402095567260e+02 7.868728898065122657e+00 1.667857626577513473e-05 2.090997872740402386e+00
3.160518082454751720e+02 7.742722228377071580e+00 1.629172202164086043e-05 2.098261853600988491e+00
3.192281817255956184e+02 7.616183754532439565e+00 1.590667729857124846e-05 2.106499286386567249e+00
3.224364782899129409e+02 7.489033356153152354e+00 1.552320465950862290e-05 2.115794646652914945e+00
3.256770187707572290e+02 7.361177071383123049e+00 1.514103283648439068e-05 2.126245983855672428e+00
3.289501272248769510e+02 7.232503623107339408e+00 1.475984873622141556e-05 2.137968052371337802e+00
3.322561309658452728e+02 7.102880090132634550e+00 1.437928515773871264e-05 2.151096689940595663e+00
3.355953605967911813e+02 6.972144594140837093e+00 1.399891246486766013e-05 2.165793474226403337e+00
3.389681500434604118e+02 6.840095856650926009e+00 1.361823030636047683e-05 2.182251368631263677e+00
3.423748365876084563e+02 6.706489424747798189e+00 1.323658697231238765e-05 2.200713673696827577e+00
3.458157609007286055e+02 6.571019147116594183e+00 1.285313145317223428e-05 2.221491830944739121e+00
3.492912670781196312e+02 6.433279965112036258e+00 1.246681229833278669e-05 2.244979395621703233e+00
3.500000000600077783e+02 6.405038110159066989e+00 1.238804025015136724e-05 2.250114087911021521e+00
