# # r T rho v
1.000000000171451242e-01 1.152328897613581038e+00 1.489153576290612868e+01 2.424531736207255861e+01
1.006512356395458802e-01 1.153521393725869260e+00 1.469953223853119262e+01 2.424519187512879626e+01
1.016627973749512637e-01 1.155364255850975130e+00 1.440858430039595817e+01 2.424498607875271716e+01
1.026845254748134234e-01 1.157213771973720773e+00 1.412340404581945386e+01 2.424476492173864273e+01
1.037165221127937798e-01 1.159069506894837120e+00 1.384387710939790672e+01 2.424452814420057933e+01
1.047588904894161538e-01 1.160930877811614303e+00 1.356989139076076256e+01 2.424427548684693434e+01
1.058117348423868315e-01 1.162792603835756999e+00 1.330133690761296705e+01 2.424400687729930581e+01
1.068751604570184893e-01 1.164651217947908712e+00 1.303810590810695125e+01 2.424372215839225575e+01
1.079492736767587724e-01 1.166505823120443930e+00 1.278009283776368221e+01 2.424342105999202346e+01
1.090341819138247459e-01 1.168355464330633975e+00 1.252719423483235772e+01 2.424310330808229708e+01
1.101299936599442475e-01 1.170199126925081989e+00 1.227930868882241278e+01 2.424276862468240523e+01
1.112368184972050283e-01 1.172035734994105738e+00 1.203633679985749083e+01 2.424241672776167533e+01
1.123547671090131955e-01 1.173864149759182629e+00 1.179818113883449193e+01 2.424204733115096033e+01
1.134839512911615250e-01 1.175683167976488752e+00 1.156474620837256495e+01 2.424166014444948658e+01
1.146244839630092827e-01 1.177491520359543742e+00 1.133593840453569790e+01 2.424125487292835146e+01
1.157764791787740249e-01 1.179287870023876916e+00 1.111166597931391031e+01 2.424083121742967606e+01
1.169400521389373782e-01 1.181070810956513339e+00 1.089183900384765380e+01 2.424038887426205591e+01
1.181153192017650039e-01 1.182836061362929181e+00 1.067636928152875520e+01 2.423992765054796905e+01
1.193023978949425690e-01 1.184578400088766026e+00 1.046517035432946408e+01 2.423944737925205928e+01
1.205014069273286220e-01 1.186332755266437555e+00 1.025815817968538646e+01 2.423894624044001844e+01
1.217124662008255559e-01 1.188106896991474759e+00 1.005524987032682560e+01 2.423842355030834028e+01
1.229356968223700025e-01 1.189901279953826663e+00 9.856364051434736595e+00 2.423787892209839256e+01
1.241712211160433954e-01 1.191716363087587993e+00 9.661420961769680460e+00 2.423731196226405160e+01
1.254191626353047817e-01 1.193552609150474675e+00 9.470342421672929945e+00 2.423672227036533400e+01
1.266796461753460501e-01 1.195410484261609119e+00 9.283051801702026040e+00 2.423610943896117575e+01
1.279527977855715315e-01 1.197290457396243957e+00 9.099473991888242352e+00 2.423547305350141556e+01
1.292387447822032631e-01 1.199192999836111495e+00 8.919535371603375395e+00 2.423481269221851875e+01
1.305376157610125265e-01 1.201118584574228487e+00 8.743163780024429954e+00 2.423412792601750354e+01
1.318495406101796164e-01 1.203067549309388085e+00 8.570288485189642813e+00 2.423341832400420515e+01
1.331746505232826727e-01 1.205032122355631508e+00 8.400840042436913180e+00 2.423268378043249882e+01
1.345130780124173253e-01 1.207006479931328702e+00 8.234750421013851351e+00 2.423192409365537969e+01
1.358649569214478436e-01 1.208990071371866426e+00 8.071953017370919525e+00 2.423113883400901614e+01
1.372304224393917083e-01 1.210982291989890047e+00 7.912382548534281135e+00 2.423032756523663522e+01
1.386096111139385467e-01 1.212982480789918993e+00 7.755975025928397493e+00 2.422948984438903608e+01
1.400026608651051829e-01 1.214989918173126959e+00 7.602667729718477929e+00 2.422862522171999444e+01
1.414097109990276047e-01 1.217003823637632598e+00 7.452399183661819748e+00 2.422773324057883571e+01
1.428309022218917645e-01 1.219023353479836924e+00 7.305109130458375510e+00 2.422681343729788139e+01
1.442663766540042414e-01 1.221047598502479792e+00 7.160738507590606261e+00 2.422586534107526290e+01
1.457162778440044826e-01 1.223075581735219908e+00 7.019229423642586063e+00 2.422488847385328370e+01
1.471807507832198214e-01 1.225106256173581487e+00 6.880525135089196276e+00 2.422388235019131386e+01
1.486599419201644623e-01 1.227135850144634777e+00 6.744569993121148244e+00 2.422284658640250754e+01
1.501539991751848491e-01 1.229151953931192143e+00 6.611309359247496076e+00 2.422178113891378359e+01
1.516630719552514994e-01 1.231150901271546028e+00 6.480689784902947004e+00 2.422068558570079944e+01
1.531873111688999423e-01 1.233130381226490657e+00 6.352658898364269113e+00 2.421955943648214316e+01
1.547268692413218405e-01 1.235087966766124090e+00 6.227165366438009109e+00 2.421840219353488166e+01
1.562819001296073540e-01 1.237021112457975969e+00 6.104158873886805559e+00 2.421721335151566024e+01
1.578525593381411574e-01 1.238927152242748297e+00 5.983590103263678905e+00 2.421599239727279240e+01
1.594390039341530563e-01 1.240825454775749126e+00 5.865410936067822156e+00 2.421473789759709305e+01
1.610413925634246179e-01 1.242757325532956036e+00 5.749574403513433296e+00 2.421344753312583009e+01
1.626598854661541471e-01 1.244724301895470342e+00 5.636034057806241115e+00 2.421212063303245898e+01
1.642946444929806182e-01 1.246727646188330541e+00 5.524744369089319207e+00 2.421075652733522787e+01
1.659458331211690618e-01 1.248768620210633395e+00 5.415660709985977483e+00 2.420935453547202343e+01
1.676136164709582932e-01 1.250839864356741105e+00 5.308739260011634542e+00 2.420791432049060177e+01
1.692981613220730930e-01 1.252934002107045641e+00 5.203937073722276097e+00 2.420643552593761072e+01
1.709996361304023660e-01 1.255050880805667957e+00 5.101212124942988702e+00 2.420491748201735760e+01
1.727182110448448604e-01 1.257190299228302388e+00 5.000523220796193158e+00 2.420335950833205274e+01
1.744540579243241407e-01 1.259352004592495744e+00 4.901829985176989979e+00 2.420176091375297034e+01
1.762073503549747289e-01 1.261535689526669612e+00 4.805092842557057153e+00 2.420012099628725011e+01
1.779782636675007745e-01 1.263740989006657989e+00 4.710273002110461960e+00 2.419843904294030068e+01
1.797669749547092521e-01 1.265967477269111630e+00 4.617332442154761907e+00 2.419671432957495938e+01
1.815736630892195724e-01 1.268214664711648565e+00 4.526233894901587007e+00 2.419494612076436724e+01
1.833985087413506632e-01 1.270481994790057856e+00 4.436940831510153949e+00 2.419313366964056300e+01
1.852416943971884888e-01 1.272768840923345746e+00 4.349417447438025164e+00 2.419127621773646553e+01
1.871034043768346200e-01 1.275072345525010808e+00 4.263628632385771056e+00 2.418937308387881302e+01
1.889838248528384890e-01 1.277378733254083798e+00 4.179539896672725519e+00 2.418742401757058502e+01
1.908831438688146365e-01 1.279683366863738847e+00 4.097117505849493746e+00 2.418542836674313534e+01
1.928015513582475304e-01 1.281983856117837606e+00 4.016328411940591536e+00 2.418338536902714964e+01
1.947392391634847064e-01 1.284277663719177509e+00 3.937140222329861050e+00 2.418129425094178231e+01
1.966964010549215325e-01 1.286562102309687816e+00 3.859521186783595681e+00 2.417915422765160116e+01
1.986732327503780149e-01 1.288834331695082325e+00 3.783440184731203804e+00 2.417696450271004238e+01
2.006699319346711419e-01 1.291091356304884474e+00 3.708866712798463361e+00 2.417472426778757466e+01
2.026866982793831817e-01 1.293330022897319909e+00 3.635770872588087954e+00 2.417243270238549613e+01
2.047237334628293770e-01 1.295547018516977067e+00 3.564123358702708799e+00 2.417008897353423791e+01
2.067812411902254788e-01 1.297740321665246110e+00 3.493895455716094833e+00 2.416769217522329782e+01
2.088594272140589236e-01 1.299960396699888276e+00 3.425059324066444422e+00 2.416523922376137179e+01
2.109584993546638199e-01 1.302225904230827069e+00 3.357587469905897404e+00 2.416272837536654805e+01
2.130786675210035730e-01 1.304527430084586825e+00 3.291452780378912646e+00 2.416015902992426589e+01
2.152201437316615396e-01 1.306864751549901449e+00 3.226628735086797040e+00 2.415753018522218198e+01
2.173831421360434557e-01 1.309237760343247681e+00 3.163089340504219305e+00 2.415484081611394629e+01
2.195678790357921406e-01 1.311646265697317126e+00 3.100809118426701705e+00 2.415208988234067888e+01
2.217745729064182214e-01 1.314089988759213012e+00 3.039763095750998900e+00 2.414927632841035532e+01
2.240034444191477125e-01 1.316568556964107684e+00 2.979926794459215600e+00 2.414639908347180253e+01
2.262547164629893637e-01 1.319081498411189157e+00 2.921276221802699968e+00 2.414345706118173140e+01
2.285286141670234694e-01 1.321628236269960732e+00 2.863787860681942021e+00 2.414044915956257853e+01
2.308253649229154159e-01 1.324208083246020351e+00 2.807438660218263937e+00 2.413737426085240045e+01
2.331451984076547690e-01 1.326820236136289743e+00 2.752206026513790427e+00 2.413423123134343840e+01
2.354883466065232356e-01 1.329463107990974224e+00 2.698067810525378807e+00 2.413101894867084596e+01
2.378550438362932729e-01 1.332124731378077520e+00 2.645002256282706021e+00 2.412773669576127844e+01
2.402455267686601226e-01 1.334799676194279749e+00 2.592988072574934133e+00 2.412438345463672817e+01
2.426600344539091014e-01 1.337485225525068211e+00 2.542004403914200239e+00 2.412095807072025977e+01
2.450988083448208954e-01 1.340178460520345061e+00 2.492030808350964133e+00 2.411745937390064398e+01
2.475620923208168567e-01 1.342876256945910507e+00 2.443047249295764001e+00 2.411388617820735192e+01
2.500501327123472728e-01 1.345575282284588781e+00 2.395034087504079423e+00 2.411023728145749701e+01
2.525631783255247731e-01 1.348271993411847891e+00 2.347972073220683686e+00 2.410651146487655794e+01
2.551014804670048153e-01 1.350962634866978984e+00 2.301842338480317274e+00 2.410270749269098545e+01
2.576652929691168881e-01 1.353643237736878557e+00 2.256626389561364743e+00 2.409882411169316896e+01
2.602548722152476235e-01 1.356309619165283031e+00 2.212306099589236741e+00 2.409486005077964776e+01
2.628704771654796768e-01 1.358961052682071236e+00 2.168863715014549332e+00 2.409081386797596380e+01
2.655123693824876785e-01 1.361660144891349233e+00 2.126282064728463261e+00 2.408668148540938603e+01
2.681808130576950888e-01 1.364412584358352998e+00 2.084544096629640908e+00 2.408246120322602479e+01
2.708760750376929538e-01 1.367217299053687718e+00 2.043633072153283603e+00 2.407815157550885488e+01
2.735984248509253924e-01 1.370073603139481122e+00 2.003532586504519930e+00 2.407375111455640493e+01
2.763481347346423700e-01 1.372980607924009888e+00 1.964226559920633663e+00 2.406925831496308987e+01
2.791254796621237544e-01 1.375937210512179876e+00 1.925699231233284792e+00 2.406467165360448135e+01
2.819307373701766539e-01 1.378942082877165687e+00 1.887935151560928837e+00 2.405998958959576228e+01
2.847641883869095891e-01 1.381993661448504884e+00 1.850919178128657361e+00 2.405521056422250581e+01
2.876261160597856081e-01 1.385090137311268732e+00 1.814636468213053355e+00 2.405033300083807646e+01
2.905168065839567326e-01 1.388229447108999537e+00 1.779072473209426075e+00 2.404535530472609395e+01
2.934365490308844526e-01 1.391409264740139928e+00 1.744212932818921979e+00 2.404027586292443175e+01
2.963856353772464924e-01 1.394626802221655693e+00 1.710043868784147714e+00 2.403509305200405777e+01
2.993643605341351210e-01 1.397867463953458955e+00 1.676551546622338851e+00 2.402980570708628960e+01
3.023730223765483394e-01 1.401118803856987727e+00 1.643722513703025134e+00 2.402441253216144545e+01
3.054119217731775526e-01 1.404375477900075442e+00 1.611543606390665850e+00 2.401891190042601920e+01
3.084813626164948364e-01 1.407631791203185045e+00 1.580001922118497548e+00 2.401330216635363257e+01
3.115816518531424606e-01 1.410881700875242117e+00 1.549084814254429565e+00 2.400758166500292390e+01
3.147130995146276145e-01 1.414118820529886023e+00 1.518779887069064749e+00 2.400174871126242238e+01
3.178760187483260502e-01 1.417336426474885336e+00 1.489074990803511689e+00 2.399580159903346654e+01
3.210707258487968674e-01 1.420527465552281932e+00 1.459958216834591038e+00 2.398973860035431471e+01
3.242975402894123782e-01 1.423706308753626359e+00 1.431417946951173414e+00 2.398355705942444516e+01
3.275567847543057187e-01 1.426948365656860451e+00 1.403442937750973840e+00 2.397725178135721791e+01
3.308487851706393146e-01 1.430261641653068239e+00 1.376021994463302756e+00 2.397082039032132172e+01
3.341738707411982534e-01 1.433643956218513038e+00 1.349144119412251985e+00 2.396426090484375493e+01
3.375323739773105070e-01 1.437088813487384487e+00 1.322798523713307750e+00 2.395757148870083242e+01
3.409246307320983327e-01 1.440592434438294767e+00 1.296974639832122689e+00 2.395075015563955745e+01
3.443509802340642412e-01 1.444151522268024790e+00 1.271662111602316791e+00 2.394379486440226756e+01
3.478117651210136940e-01 1.447762340434136652e+00 1.246850787915142922e+00 2.393670355683932982e+01
3.513073314743192510e-01 1.451420702792013628e+00 1.222530718686888562e+00 2.392947415773526387e+01
3.548380288535294413e-01 1.455121966062324912e+00 1.198692150909502763e+00 2.392210457453872863e+01
3.584042103313242467e-01 1.458861024769178227e+00 1.175325524782347530e+00 2.391459269699577916e+01
3.620062325288233573e-01 1.462632308765524414e+00 1.152421469923248010e+00 2.390693639668107551e+01
3.656444556512482569e-01 1.466429783436863143e+00 1.129970801656794643e+00 2.389913352642761168e+01
3.693192435239429083e-01 1.470246952647063399e+00 1.107964517377984404e+00 2.389118191965416216e+01
3.730309636287570951e-01 1.474076864461930869e+00 1.086393792989284401e+00 2.388307938959119880e+01
3.767799871407943035e-01 1.477908384015119259e+00 1.065249972440468262e+00 2.387482388459387295e+01
3.805666889655299756e-01 1.481723565348123328e+00 1.044524560395705626e+00 2.386641359175285970e+01
3.843914477763021864e-01 1.485512933503501332e+00 1.024209247328279337e+00 2.385784629792225786e+01
3.882546460521792975e-01 1.489269782962875821e+00 1.004295894389423127e+00 2.384911963150198488e+01
3.921566701162082502e-01 1.493078296869487342e+00 9.847766812773952605e-01 2.384022739028302240e+01
3.960979101740471631e-01 1.496970454134362249e+00 9.656438429616511776e-01 2.383116559035107329e+01
4.000787603529860625e-01 1.500942880070440300e+00 9.468897061447915098e-01 2.382193170263387927e+01
4.040996187413604113e-01 1.504991593101626446e+00 9.285067492382210741e-01 2.381252318538215462e+01
4.081608874283597088e-01 1.509111986625988777e+00 9.104875993870924500e-01 2.380293748439992640e+01
4.122629725442370496e-01 1.513298814646765411e+00 8.928250295589582608e-01 2.379317203312555051e+01
4.164062843009224135e-01 1.517546181458361731e+00 8.755119556946250325e-01 2.378322425255266737e+01
4.205912370330442962e-01 1.521847526600945022e+00 8.585414339058113908e-01 2.377309155136607899e+01
4.248182492393633436e-01 1.526193316441037728e+00 8.419066543214510645e-01 2.376277142220580529e+01
4.290877436246227083e-01 1.530573495210014512e+00 8.256009423877366249e-01 2.375226133615610991e+01
4.334001471418187368e-01 1.534979504623808610e+00 8.096177590471886898e-01 2.374155865885770567e+01
4.377558910348970378e-01 1.539402168586690989e+00 7.939506948497214722e-01 2.373066073988102076e+01
4.421554108818767093e-01 1.543831710207926422e+00 7.785934674393173438e-01 2.371956491165975933e+01
4.465991466384085506e-01 1.548257773230200085e+00 7.635399190910453493e-01 2.370826848827850952e+01
4.510875426817713696e-01 1.552669447732228258e+00 7.487840142968552604e-01 2.369676876412268030e+01
4.556210478553099352e-01 1.557055299918590041e+00 7.343198373985544425e-01 2.368506301240307010e+01
4.602001155133195742e-01 1.561444104405720568e+00 7.201416424818405382e-01 2.367314676709642285e+01
4.648252035663819060e-01 1.565931794478237160e+00 7.062438782464867115e-01 2.366101274734830540e+01
4.694967745271564907e-01 1.570515427868714120e+00 6.926209731998027586e-01 2.364865785334711390e+01
4.742152955566323880e-01 1.575189135038839838e+00 6.792674631630057913e-01 2.363607907080502812e+01
4.789812385108446757e-01 1.579947788284813415e+00 6.661779937700825771e-01 2.362327331564352662e+01
4.837950799880604280e-01 1.584785200323977739e+00 6.533473160714239336e-01 2.361023751098745649e+01
4.886573013764388684e-01 1.589693845170482733e+00 6.407702842181806080e-01 2.359696859815879222e+01
4.935683889021708071e-01 1.594665382438050338e+00 6.284418541099627831e-01 2.358346351414324005e+01
4.985288336781012464e-01 1.599690662090560433e+00 6.163570814295120659e-01 2.356971919123801840e+01
5.035391317528414845e-01 1.604759735568286994e+00 6.045111197192127861e-01 2.355573255647249908e+01
5.085997841603744352e-01 1.609861873311634772e+00 5.928992184979913205e-01 2.354150053080615734e+01
5.137112969701581600e-01 1.614985588620297730e+00 5.815167214171781396e-01 2.352702002811026816e+01
5.188741813377328871e-01 1.620118667703259741e+00 5.703590644538665266e-01 2.351228795394504445e+01
5.240889535558379553e-01 1.625248205695602133e+00 5.594217741403465505e-01 2.349730120414631429e+01
5.293561351060409592e-01 1.630360648343306185e+00 5.487004658282379488e-01 2.348205666323804408e+01
5.346762527108861462e-01 1.635498604516037791e+00 5.381908973444879951e-01 2.346654878891247265e+01
5.400498383865675045e-01 1.640768756708602005e+00 5.278889681224996355e-01 2.345076934728626838e+01
5.454774294961303172e-01 1.646169000976762886e+00 5.177905499290641478e-01 2.343471475531681136e+01
5.509595688032089544e-01 1.651693612826639512e+00 5.078915933068169908e-01 2.341838155391231524e+01
5.564968045263024576e-01 1.657335860960969187e+00 4.981881286292837996e-01 2.340176629638835948e+01
5.620896903935974631e-01 1.663087991330947313e+00 4.886762645591302689e-01 2.338486554932831041e+01
5.677387856983414638e-01 1.668941219321571134e+00 4.793521865418659544e-01 2.336767589313705784e+01
5.734446553547724035e-01 1.674885730394238603e+00 4.702121553337527127e-01 2.335019392228205959e+01
5.792078699546110432e-01 1.680910689392191459e+00 4.612525055627160753e-01 2.333241624521649626e+01
5.850290058241199853e-01 1.687004258591840777e+00 4.524696443209122454e-01 2.331433948398997202e+01
5.909086450817371272e-01 1.693153624458933804e+00 4.438600497877092654e-01 2.329596027355076515e+01
5.968473756962879850e-01 1.699345032945613898e+00 4.354202698816969086e-01 2.327727526075556241e+01
6.028457915457827720e-01 1.705565505467985021e+00 4.271469222609852734e-01 2.325828103119881973e+01
6.089044924768054479e-01 1.711858980045401157e+00 4.190367363098458364e-01 2.323897170078739549e+01
6.150240843644979583e-01 1.718360501208340496e+00 4.110865725193790787e-01 2.321933751890233921e+01
6.212051791731485473e-01 1.725079180102866205e+00 4.032932529186458726e-01 2.319937420139810058e+01
6.274483950173893598e-01 1.732011732889916056e+00 3.956536532262923123e-01 2.317907798475793513e+01
6.337543562240071093e-01 1.739153555362364934e+00 3.881647104797868453e-01 2.315844514751662331e+01
6.401236933943778018e-01 1.746498676752691104e+00 3.808234218518288250e-01 2.313747201283875299e+01
6.465570434675260714e-01 1.754039724425820346e+00 3.736268434970112517e-01 2.311615495066282477e+01
6.530550497838204516e-01 1.761767900236726803e+00 3.665720894277745834e-01 2.309449037938289706e+01
6.596183621493075799e-01 1.769672969159748366e+00 3.596563304185595999e-01 2.307247476704976918e+01
6.662476369006933297e-01 1.777743260609714104e+00 3.528767929370232315e-01 2.305010463207888449e+01
6.729435369709775294e-01 1.785965682678761102e+00 3.462307581010538038e-01 2.302737654346475082e+01
6.797067319557468235e-01 1.794404153731196550e+00 3.397156109423593584e-01 2.300428371559271312e+01
6.865378981801358860e-01 1.803255561749884661e+00 3.333288686216362429e-01 2.298081368511682854e+01
6.934377187664597653e-01 1.812533559403660233e+00 3.270679766501640717e-01 2.295696203915936806e+01
7.004068837025270167e-01 1.822243939420875147e+00 3.209304262392213558e-01 2.293272471516466382e+01
7.074460899106389533e-01 1.832390546968825751e+00 3.149137572955612585e-01 2.290809774358310946e+01
7.145560413172823422e-01 1.842975126995067825e+00 3.090155574603580257e-01 2.288307725521611857e+01
7.217374489235226509e-01 1.853997186938359354e+00 3.032334611792767420e-01 2.285765948787750190e+01
7.289910308761051727e-01 1.865453877404348315e+00 2.975651488031985648e-01 2.283184079226583663e+01
7.363175125392701359e-01 1.877388976398809639e+00 2.920083732736892812e-01 2.280561548494852886e+01
7.437176265672887920e-01 1.890077584446034908e+00 2.865610576981078572e-01 2.277896783753054777e+01
7.511921129777308082e-01 1.903595121231312248e+00 2.812210489906678546e-01 2.275189104929763673e+01
7.587417192254664045e-01 1.917964470774996766e+00 2.759862070129621703e-01 2.272438066914030941e+01
7.663672002774112313e-01 1.933205235654684273e+00 2.708544322378786950e-01 2.269643242263525096e+01
7.740693186880251986e-01 1.949369381644415755e+00 2.658236834694776562e-01 2.266804064547375575e+01
7.818488446755680332e-01 1.966549931439525389e+00 2.608919798248118260e-01 2.263919791749649946e+01
7.897065561991213345e-01 1.985196443407542644e+00 2.560575550733383832e-01 2.260988121373097925e+01
7.976432390363853431e-01 2.005486696810872882e+00 2.513185311622623264e-01 2.258007981004345055e+01
8.056596868622580843e-01 2.027503126666940325e+00 2.466730172819872058e-01 2.254978729590719411e+01
8.137567013282022144e-01 2.051322902821787419e+00 2.421191564286181430e-01 2.251899756933426389e+01
8.219350921424122269e-01 2.077449885541478913e+00 2.376553275611773541e-01 2.248768566933356894e+01
8.301956771507845723e-01 2.106445444072426287e+00 2.332799540421654494e-01 2.245582451634234289e+01
8.385392824187040128e-01 2.138494662006397373e+00 2.289913065985360596e-01 2.242340402379749165e+01
8.469667423136503226e-01 2.174094422744766941e+00 2.247878271828802621e-01 2.239040030688691374e+01
8.554788995886358771e-01 2.214380048743745277e+00 2.206682568059341598e-01 2.235676149336278584e+01
8.640766054664821283e-01 2.259787425365803681e+00 2.166310323270761173e-01 2.232246748428075733e+01
8.727607197249409587e-01 2.311883355121044481e+00 2.126750967531971237e-01 2.228744783173337396e+01
8.815321107826754599e-01 2.371916919048574712e+00 2.087992436793997819e-01 2.225164731519934236e+01
8.903916557861005776e-01 2.442109369301944000e+00 2.050026688540707576e-01 2.221496761154863364e+01
8.993402406971000573e-01 2.524520269794534588e+00 2.012844703329003393e-01 2.217731885680638015e+01
9.083787603816216860e-01 2.622038248363447455e+00 1.976440565831490692e-01 2.213857489688358271e+01
9.175081186991665971e-01 2.737418729874244061e+00 1.940807398081259572e-01 2.209861681981069026e+01
9.267292285931737483e-01 2.872715022482331459e+00 1.905935220600801783e-01 2.205735866973439130e+01
9.360430121823173355e-01 3.027814192953545369e+00 1.871805598125353132e-01 2.201481343650492661e+01
9.454504008527176984e-01 3.199533449524070150e+00 1.838388961723588511e-01 2.197113324384997668e+01
9.549523353510812607e-01 3.382155766908874206e+00 1.805647600715571677e-01 2.192658398591836288e+01
9.645497658787759443e-01 3.568739001589876114e+00 1.773541243691590663e-01 2.188148487638046547e+01
9.742436521868529375e-01 3.754142411273318825e+00 1.742038356839578639e-01 2.183607007925014543e+01
9.840349636720208126e-01 3.935274342178290752e+00 1.711116379048541469e-01 2.179047787298556571e+01
9.939246794735880908e-01 4.110856423283835603e+00 1.680760186177021609e-01 2.174476214155926712e+01
1.003913788571375587e+00 4.280727730678465015e+00 1.650959071121649857e-01 2.169892491050135064e+01
1.014003289884618075e+00 4.445331110899873650e+00 1.621704621127941226e-01 2.165294036822810853e+01
1.024194192371854717e+00 4.605332564719162747e+00 1.592989239621462882e-01 2.160677265058623320e+01
1.034487515131826241e+00 4.761494887191932257e+00 1.564805658676290401e-01 2.156038178217208667e+01
1.044884287505387199e+00 4.914631599317861976e+00 1.537146765858892483e-01 2.151372582235426734e+01
1.055385549178438076e+00 5.065423048190506705e+00 1.510004994777210119e-01 2.146676943290230355e+01
1.065992350285897894e+00 5.214364004855827517e+00 1.483372193499808700e-01 2.141948635985047034e+01
1.076705751516715992e+00 5.362057417225014611e+00 1.457240621551097459e-01 2.137184556643150657e+01
1.087526824219943622e+00 5.509001249013121715e+00 1.431602254585036538e-01 2.132382123224862625e+01
1.098456650511868915e+00 5.655630517957928483e+00 1.406448936422918239e-01 2.127539088859496275e+01
1.109496323384228766e+00 5.802712508563905303e+00 1.381773627768292934e-01 2.122651650888622754e+01
1.120646946813510514e+00 5.950598880952147951e+00 1.357568037321828514e-01 2.117718026093785966e+01
1.131909635871349185e+00 6.099815406215431501e+00 1.333824509138757386e-01 2.112735621500977956e+01
1.143285516836036075e+00 6.250655533851307233e+00 1.310534774764657573e-01 2.107702977804042987e+01
1.154775727305147326e+00 6.403971864232457456e+00 1.287692322284750834e-01 2.102615988678845227e+01
1.166381416309306029e+00 6.560135226633525107e+00 1.265289265279992414e-01 2.097472887262847863e+01
1.178103744427082988e+00 6.720033131998706999e+00 1.243319298283446367e-01 2.092269455282271551e+01
1.189943883901059207e+00 6.884311212727907581e+00 1.221775459458209340e-01 2.087002658300015412e+01
1.201903018755048791e+00 7.054240072628406466e+00 1.200652581861678947e-01 2.081666490138474046e+01
1.213982344912503120e+00 7.230638685835594437e+00 1.179944223721105245e-01 2.076257154835694507e+01
1.226183070316103851e+00 7.414567669586532794e+00 1.159644634298572091e-01 2.070769730960595822e+01
1.238506415048558962e+00 7.607756403377153198e+00 1.139749891071206445e-01 2.065196032222410594e+01
1.250953611454610925e+00 7.811646383361409818e+00 1.120255189851304262e-01 2.059529358331176141e+01
1.263525904264273247e+00 8.028908085724502541e+00 1.101158948987090574e-01 2.053756965877930440e+01
1.276224550717303785e+00 8.261544585340194757e+00 1.082457620582742974e-01 2.047869463772468634e+01
1.289050820688929955e+00 8.513048212529708891e+00 1.064151404933109946e-01 2.041850120447434591e+01
1.302005996816837596e+00 8.786907731230948926e+00 1.046240215792649669e-01 2.035682220533319864e+01
1.315091374629435705e+00 9.086843201534978931e+00 1.028724283123241962e-01 2.029347926110111544e+01
1.328308262675409690e+00 9.417361613637984519e+00 1.011605558675147676e-01 2.022825439597417585e+01
1.341657982654578474e+00 9.782327846197421906e+00 9.948840933411609577e-02 2.016096134866407752e+01
1.355141869550064770e+00 1.018395527552927149e+01 9.785556846418437538e-02 2.009149670187567338e+01
1.368761271761794962e+00 1.062150829404254893e+01 9.626089866194668943e-02 2.001990596208996465e+01
1.382517551241339460e+00 1.109033686639142680e+01 9.470235982025110300e-02 1.994643354141321367e+01
1.396412083628109757e+00 1.158281245543935079e+01 9.317727983062508434e-02 1.987147652285806387e+01
1.410446258386923724e+00 1.208987268756797739e+01 9.168275544669397814e-02 1.979550652424536494e+01
1.424621478946951791e+00 1.260312659921937950e+01 9.021616107969755716e-02 1.971896170415154970e+01
1.438939162842063357e+00 1.311626341014360264e+01 8.877546466720484530e-02 1.964217348918778683e+01
1.453400741852578948e+00 1.362473657834742902e+01 8.735912368739001677e-02 1.956538229853191169e+01
1.468007662148451242e+00 1.412488078641913880e+01 8.596585553271980651e-02 1.948878335601033740e+01
1.482761384433882057e+00 1.461368319725618647e+01 8.459457260004182855e-02 1.941253837702521778e+01
1.497663384093394834e+00 1.508907751573164546e+01 8.324444171859865516e-02 1.933675938597691868e+01
1.512715151339374176e+00 1.554915511180451659e+01 8.191469294890056652e-02 1.926155037804374359e+01
1.527918191361087308e+00 1.599292389002946813e+01 8.060478741282482706e-02 1.918696671021204025e+01
1.543274024475206119e+00 1.642056774728552071e+01 7.931446683710026424e-02 1.911300001415439098e+01
1.558784186277838657e+00 1.683240292684460115e+01 7.804350521440714394e-02 1.903963475089373958e+01
1.574450227798089852e+00 1.722952971179710602e+01 7.679185234316134034e-02 1.896681230426447584e+01
1.590273715653166997e+00 1.761305730153398486e+01 7.555945308520044257e-02 1.889447349873796611e+01
1.606256232205042211e+00 1.798443475914665513e+01 7.434632118156914160e-02 1.882253993384568247e+01
1.622399375718689196e+00 1.834532157257561025e+01 7.315250535744609317e-02 1.875092153642303217e+01
1.638704760521911830e+00 1.869646683764706552e+01 7.197784700271932234e-02 1.867957881429274991e+01
1.655174017166778588e+00 1.903938419036539287e+01 7.082234882058772996e-02 1.860842926012876575e+01
1.671808792592678561e+00 1.937447032890598209e+01 6.968576608843722597e-02 1.853745344720327282e+01
1.688610750291016371e+00 1.970288047916021412e+01 6.856801676014802338e-02 1.846658861144380026e+01
1.705581570471563335e+00 2.002546877389670144e+01 6.746894899590638595e-02 1.839578935680124161e+01
1.722722950230480388e+00 2.034239421446268992e+01 6.638826403695653744e-02 1.832505010216579677e+01
1.740036603720027664e+00 2.065470729162125352e+01 6.532585226738377160e-02 1.825431368485952888e+01
1.757524262319982267e+00 2.096279878483997194e+01 6.428146370931740738e-02 1.818356137612811096e+01
1.775187674810777327e+00 2.126674611685390204e+01 6.325478694864583584e-02 1.811279271691123327e+01
1.793028607548381448e+00 2.156689099530207088e+01 6.224556943431708983e-02 1.804199177260249343e+01
1.811048844640935629e+00 2.186341701084520039e+01 6.125352924845683944e-02 1.797115204588760307e+01
1.829250188127166776e+00 2.215637777057792945e+01 6.027836267230941847e-02 1.790027480450652320e+01
1.847634458156590664e+00 2.244586769363346335e+01 5.931977936985945166e-02 1.782935896008621413e+01
1.866203493171530781e+00 2.273200866832163669e+01 5.837749918810434396e-02 1.775840186737188020e+01
1.884959150090962821e+00 2.301485160000508046e+01 5.745123256995182670e-02 1.768740523351571170e+01
1.903903304496208371e+00 2.329444300355299191e+01 5.654069415627450274e-02 1.761637111765097430e+01
1.923037850818494876e+00 2.357071476984134506e+01 5.564558133013464136e-02 1.754530868520165399e+01
1.942364702528400322e+00 2.384366494511866463e+01 5.476561019091197996e-02 1.747422312186723303e+01
1.961885792327201283e+00 2.411334818032056049e+01 5.390051288094110243e-02 1.740311621498734240e+01
1.981603072340144989e+00 2.437980917213010912e+01 5.305002434256201466e-02 1.733199044120333809e+01
2.001518514311664276e+00 2.464294443491431963e+01 5.221385612009078053e-02 1.726085763710032595e+01
2.021634109802552093e+00 2.490273826663965906e+01 5.139174217177768650e-02 1.718972419681605146e+01
2.041951870389121293e+00 2.515925142866022313e+01 5.058343571220223073e-02 1.711859177252747699e+01
2.062473827864361731e+00 2.541254381605636326e+01 4.978869413655603177e-02 1.704746212029104768e+01
2.083202034441121953e+00 2.566264274223777164e+01 4.900727306709478509e-02 1.697633913936225980e+01
2.104138562957333924e+00 2.590953080634979955e+01 4.823892440888707250e-02 1.690522964958339358e+01
2.125285507083296999e+00 2.615326803651392140e+01 4.748341892240159207e-02 1.683413552629065535e+01
2.146644981531044216e+00 2.639391393884219283e+01 4.674053134849191771e-02 1.676305871111223667e+01
2.168219122265822474e+00 2.663152706087485555e+01 4.601004027413181652e-02 1.669200123614372799e+01
2.190010086719682114e+00 2.686618862781026351e+01 4.529173235051279361e-02 1.662096365297387379e+01
2.212020054007228342e+00 2.709799025655349780e+01 4.458539981392087292e-02 1.654994583960649734e+01
2.234251225143531361e+00 2.732698532231442101e+01 4.389083172628729934e-02 1.647895022511903917e+01
2.256705823264231636e+00 2.755322567399984734e+01 4.320782071120900930e-02 1.640797935332928148e+01
2.279386093847851846e+00 2.777676129911004566e+01 4.253616284383142376e-02 1.633703590338874179e+01
2.302294304940351921e+00 2.799765809901076352e+01 4.187566074479008582e-02 1.626612146748002274e+01
2.325432747381931176e+00 2.821612853624509754e+01 4.122614620529694435e-02 1.619522757306614480e+01
2.348803735036115281e+00 2.843225700540619982e+01 4.058743129663684723e-02 1.612435451142471976e+01
2.372409605021146728e+00 2.864608629810238938e+01 3.995932430227332188e-02 1.605350542068093134e+01
2.396252717943693877e+00 2.885765864860382379e+01 3.934163698533614528e-02 1.598268346919267024e+01
2.420335458134919904e+00 2.906701573540026473e+01 3.873418453241276455e-02 1.591189185202366296e+01
2.444660233888912515e+00 2.927419632018710516e+01 3.813678509137722467e-02 1.584113395631357513e+01
2.469229477703517528e+00 2.947917282114586612e+01 3.754924894854560352e-02 1.577041788959259883e+01
2.494045646523590953e+00 2.968196307333403894e+01 3.697139784972790916e-02 1.569974850872606531e+01
2.519111221986694904e+00 2.988260834515632780e+01 3.640306087898741161e-02 1.562912897474767426e+01
2.544428710671263527e+00 3.008114929540191085e+01 3.584407023581483165e-02 1.555856246292191969e+01
2.570000644347264274e+00 3.027762597967871727e+01 3.529426118409752233e-02 1.548805215930460477e+01
2.595829580229374045e+00 3.047207785718872586e+01 3.475347200162525602e-02 1.541760125734721854e+01
2.621918101232704856e+00 3.066452237367376910e+01 3.422154036114291586e-02 1.534721455512133659e+01
2.648268816231098111e+00 3.085479992598673604e+01 3.369827783906957641e-02 1.527691007294951397e+01
2.674884360318012799e+00 3.104290012759284778e+01 3.318352459766699819e-02 1.520669468354091336e+01
2.701767395070036937e+00 3.122886478948682054e+01 3.267713243204478646e-02 1.513657131475466677e+01
2.728920608813047988e+00 3.141273502713013954e+01 3.217895582374426938e-02 1.506654289551579851e+01
2.756346716891048931e+00 3.159455121841335412e+01 3.168885188814875992e-02 1.499661235668907544e+01
2.784048461937702612e+00 3.177435301680815982e+01 3.120668033150532025e-02 1.492678262788883536e+01
2.812028614150597239e+00 3.195217936451451379e+01 3.073230340834732718e-02 1.485705663436089097e+01
2.840289971568271898e+00 3.212795212950454271e+01 3.026556706348466214e-02 1.478744648715991339e+01
2.868835360350020292e+00 3.230128486657825704e+01 2.980627104838565883e-02 1.471798870459510056e+01
2.897667635058507773e+00 3.247217631930295312e+01 2.935428119499044336e-02 1.464868944379184867e+01
2.926789678945231898e+00 3.264067496621787967e+01 2.890947381622902337e-02 1.457955086413636181e+01
2.956204404238850447e+00 3.280682815582822087e+01 2.847172736610401739e-02 1.451057514046170027e+01
2.985914752436404029e+00 3.297068213389187719e+01 2.804092240826363061e-02 1.444176445975490175e+01
3.015923694597471894e+00 3.313228206994229907e+01 2.761694158462185689e-02 1.437312101798624120e+01
3.046234231641278711e+00 3.329167208307930537e+01 2.719966958405298230e-02 1.430464701705810349e+01
3.076849394646786084e+00 3.344889074910798143e+01 2.678899239961015158e-02 1.423634504002022183e+01
3.107772245155807411e+00 3.360383968865864546e+01 2.638477664202461964e-02 1.416822915966944230e+01
3.139005875479162988e+00 3.375592554836341463e+01 2.598681444131613685e-02 1.410035541459129149e+01
3.170553409005913981e+00 3.390510424169389836e+01 2.559498825910620085e-02 1.403273360463819053e+01
3.202418000515701468e+00 3.405143880071646123e+01 2.520919942250268025e-02 1.396536438708232808e+01
3.234602836494231859e+00 3.419499045233345669e+01 2.482935080555244770e-02 1.389824846766337352e+01
3.267111135451923332e+00 3.433581867333461446e+01 2.445534681331235777e-02 1.383138659651272029e+01
3.299946148245760824e+00 3.447398124324323021e+01 2.408709336545232851e-02 1.376477956427741844e+01
3.333111158404387986e+00 3.460953429506637491e+01 2.372449787944148902e-02 1.369842819843710835e+01
3.366609482456456970e+00 3.474253236405113654e+01 2.336746925336196865e-02 1.363233335980905281e+01
3.400444470262288466e+00 3.487302843454143186e+01 2.301591784839488244e-02 1.356649593923525110e+01
3.434619505348859736e+00 3.500107398502265710e+01 2.266975547101738805e-02 1.350091685444749423e+01
3.469138005248159295e+00 3.512669542851658377e+01 2.232889173000585439e-02 1.343559922828294084e+01
3.504003421838940646e+00 3.524926298153180682e+01 2.199313809598076389e-02 1.337060681382784288e+01
3.539219241691918150e+00 3.536861602278357708e+01 2.166238166190870632e-02 1.330596038475411369e+01
3.574788986418425019e+00 3.548483152022183162e+01 2.133654761846242795e-02 1.324165871603522682e+01
3.610716213022573839e+00 3.559797691250320639e+01 2.101556110131867772e-02 1.317770133265201338e+01
3.647004514256965368e+00 3.570812768950791849e+01 2.069934984631224481e-02 1.311408685506873439e+01
3.683657518981962919e+00 3.581535734140026506e+01 2.038784262127420199e-02 1.305081394414806795e+01
3.720678892528583859e+00 3.591973700655153579e+01 2.008096915659001586e-02 1.298788133719745197e+01
3.758072337065033519e+00 3.602133555364482476e+01 1.977866014201414002e-02 1.292528784307686607e+01
3.795841591966926831e+00 3.612021966027496944e+01 1.948084722273660946e-02 1.286303233755213427e+01
3.833990434191228758e+00 3.621645388822987144e+01 1.918746299475750094e-02 1.280111375888498770e+01
3.872522678653953054e+00 3.631010075562529948e+01 1.889844099962492349e-02 1.273953110364940677e+01
3.911442178611655329e+00 3.640122080605478061e+01 1.861371571858891003e-02 1.267828342276428977e+01
3.950752826046765254e+00 3.648987267490443998e+01 1.833322256621719090e-02 1.261736981773506372e+01
3.990458552056783681e+00 3.657611315297327792e+01 1.805689788351948905e-02 1.255678943709492934e+01
4.030563327247402405e+00 3.665999724753037015e+01 1.778467893062224067e-02 1.249654147303825980e+01
4.071071162129558552e+00 3.674157517915385540e+01 1.751650342425127571e-02 1.243662548113151622e+01
4.111986107520499978e+00 3.682055494311848776e+01 1.725225979517526834e-02 1.237707707445098748e+01
4.153312254948858140e+00 3.689671943652869857e+01 1.699185002942202316e-02 1.231792424395810315e+01
4.195053737063816790e+00 3.697013454628049800e+01 1.673521947695038106e-02 1.225916507774520525e+01
4.237214728048371626e+00 3.704087631005835846e+01 1.648231599014412727e-02 1.220079639999424082e+01
4.279799444036756384e+00 3.710902029665803070e+01 1.623308831269400232e-02 1.214281490059018864e+01
4.322812143536054919e+00 3.717463948346578917e+01 1.598748575369777700e-02 1.208521736659227486e+01
4.366257127852062325e+00 3.723780435422914792e+01 1.574545819165655558e-02 1.202800067668000672e+01
4.410138741519415539e+00 3.729858299273816868e+01 1.550695607767856553e-02 1.197116179584342177e+01
4.454461372736048475e+00 3.735704117263316704e+01 1.527193043794385953e-02 1.191469777030505028e+01
4.499229453802018774e+00 3.741324244354063211e+01 1.504033287548065846e-02 1.185860572266130042e+01
4.544447461562739043e+00 3.746724821372698244e+01 1.481211557129933493e-02 1.180288284723297565e+01
4.590119917856668508e+00 3.751911782944732465e+01 1.458723128492971435e-02 1.174752640561328221e+01
4.636251389967495307e+00 3.756890865115654066e+01 1.436563335440230703e-02 1.169253372240414279e+01
4.682846491080875140e+00 3.761667612673967653e+01 1.414727569571388836e-02 1.163790218113027208e+01
4.729909880745747586e+00 3.766247386190941882e+01 1.393211280181385139e-02 1.158362922032238274e+01
4.777446265340300258e+00 3.770635368791027986e+01 1.372009974114662446e-02 1.152971232976025817e+01
4.825460398542604779e+00 3.774836215992846888e+01 1.351119164445535939e-02 1.147614948117938738e+01
4.873957081805994740e+00 3.778852779637288251e+01 1.330534189390817496e-02 1.142294070092632019e+01
4.922941164839208739e+00 3.782689413260716549e+01 1.310250686955913811e-02 1.137008405344962725e+01
4.972417546091372209e+00 3.786350707003281002e+01 1.290264407743455140e-02 1.131757716695044280e+01
5.022391173241839368e+00 3.789841101785089705e+01 1.270571158078849169e-02 1.126541770567263612e+01
5.072867043694970768e+00 3.793164894776423779e+01 1.251166799679058299e-02 1.121360336691101800e+01
5.123850205079874875e+00 3.796326244674408912e+01 1.232047249295829990e-02 1.116213187812695296e+01
5.175345755755175858e+00 3.799329176795346541e+01 1.213208478335499850e-02 1.111100099416540310e+01
5.227358845318855529e+00 3.802177587991523211e+01 1.194646512457497346e-02 1.106020849456630195e+01
5.279894675123213865e+00 3.804875251400940783e+01 1.176357431153550633e-02 1.100975218096352926e+01
5.332958498795012048e+00 3.807425821038000180e+01 1.158337367309451166e-02 1.095962987456486104e+01
5.386555622760836215e+00 3.809832836232827447e+01 1.140582506751088195e-02 1.090983941370718746e+01
5.440691406777746764e+00 3.812099725926745464e+01 1.123089087776504846e-02 1.086037865147960524e+01
5.495371264469260275e+00 3.814229812830919286e+01 1.105853400675533768e-02 1.081124545340835397e+01
5.550600663866712914e+00 3.816226317455222272e+01 1.088871787238488743e-02 1.076243769519724225e+01
5.606385127956067471e+00 3.818092047197005456e+01 1.072140596340064554e-02 1.071395369936463382e+01
5.662730235230220899e+00 3.819828639945408355e+01 1.055656079591742180e-02 1.066579330645163282e+01
5.719641620246854963e+00 3.821438853743507025e+01 1.039414710605352822e-02 1.061795468949194898e+01
5.777124974191898410e+00 3.822925576870478892e+01 1.023413042844692651e-02 1.057043572004797483e+01
5.835186045448646830e+00 3.824291611211842223e+01 1.007647678164074433e-02 1.052323427209456064e+01
5.893830640172611268e+00 3.825539675712300891e+01 9.921152662987873724e-03 1.047634821994947529e+01
5.953064622872135558e+00 3.826672409736985969e+01 9.768125043521954168e-03 1.042977543621691261e+01
6.012893916994849874e+00 3.827692376346998060e+01 9.617361362805302780e-03 1.038351378973622019e+01
6.073324505520026229e+00 3.828602065495120144e+01 9.468829523763901829e-03 1.033756114352812716e+01
6.134362431556874107e+00 3.829403897147656721e+01 9.322497887520035664e-03 1.029191535272902946e+01
6.196013798948864171e+00 3.830100224338295334e+01 9.178335268231687868e-03 1.024657426250499626e+01
6.258284772884112002e+00 3.830693336160058493e+01 9.036310927948820737e-03 1.020153570593503467e+01
6.321181580511901821e+00 3.831185460701465928e+01 8.896394571495864698e-03 1.015679750185316443e+01
6.384710511565412361e+00 3.831578767933297058e+01 8.758556341389996808e-03 1.011235745263772046e+01
6.448877918990688407e+00 3.831875372552477188e+01 8.622766812804395428e-03 1.006821334193567985e+01
6.513690219581946828e+00 3.832075340949742071e+01 8.488994272827286511e-03 1.002436613925508091e+01
6.579153894623257948e+00 3.832175500395537426e+01 8.357203198044284645e-03 9.980821991919430758e+00
6.645275490536675989e+00 3.832177734894531795e+01 8.227365519413188180e-03 9.937578902668050773e+00
6.712061619536896728e+00 3.832084027717865382e+01 8.099453773378647095e-03 9.894634616188570320e+00
6.779518960292474361e+00 3.831896312610056299e+01 7.973440889985215774e-03 9.851986859001303998e+00
6.847654258593698806e+00 3.831616476449838160e+01 7.849300188460995101e-03 9.809633337067340975e+00
6.916474328027180540e+00 3.831246361895760799e+01 7.727005372876377676e-03 9.767571733275886459e+00
6.985986050657212232e+00 3.830787770024949879e+01 7.606530527888446733e-03 9.725799704790860645e+00
7.056196377713984447e+00 3.830242462974308637e+01 7.487850114581839564e-03 9.684314880235074696e+00
7.127112330288711384e+00 3.829612166594176159e+01 7.370938966419096280e-03 9.643114856685663483e+00
7.198741000035748350e+00 3.828898573125547955e+01 7.255772285313086267e-03 9.602197196453150951e+00
7.271089549881757819e+00 3.828103343913220868e+01 7.142325637836541112e-03 9.561559423611015518e+00
7.344165214742018222e+00 3.827228112168698004e+01 7.030574951585258879e-03 9.521199020238368504e+00
7.417975302243910996e+00 3.826274485798315084e+01 6.920496511712799677e-03 9.481113422333489638e+00
7.492527193457692469e+00 3.825243938401498411e+01 6.812066807840991452e-03 9.441300222989779556e+00
7.567828343634613653e+00 3.824130779334498698e+01 6.705253187507427548e-03 9.401770280578107375e+00
7.643886282952442102e+00 3.822931445484174873e+01 6.600026426306260414e-03 9.362530656930758255e+00
7.720708617268493335e+00 3.821647510629424005e+01 6.496364577292527281e-03 9.323578848878817382e+00
7.798303028880216203e+00 3.820280527877509513e+01 6.394246017753004926e-03 9.284912305808859401e+00
7.876677277293434365e+00 3.818832032441617486e+01 6.293649446351197441e-03 9.246528425017745079e+00
7.955839199998301581e+00 3.817303544552054007e+01 6.194553880515498399e-03 9.208424546555544765e+00
8.035796713253056112e+00 3.815696572528542418e+01 6.096938654102536555e-03 9.170597947474496081e+00
8.116557812875656808e+00 3.814012616045809523e+01 6.000783415372485524e-03 9.133045835388362121e+00
8.198130575043364843e+00 3.812253169630408678e+01 5.906068125320454096e-03 9.095765341227963319e+00
8.280523157100375897e+00 3.810419726433902099e+01 5.812773056416313706e-03 9.058753511056975682e+00
8.363743798373555194e+00 3.808513782336182629e+01 5.720878791815957841e-03 9.022007296784902763e+00
8.447800820996382853e+00 3.806536840443585135e+01 5.630366225120532822e-03 8.985523545579711779e+00
8.532702630741166416e+00 3.804490416059919511e+01 5.541216560775431149e-03 8.949298987742517753e+00
8.618457717859634215e+00 3.802376042225391473e+01 5.453411315222935450e-03 8.913330222751961074e+00
8.705074657931959337e+00 3.800194277807219834e+01 5.366931010644334504e-03 8.877615867227575563e+00
8.792562112724329637e+00 3.797942914763095956e+01 5.281752873079862548e-03 8.842160525499721757e+00
8.880928831055133088e+00 3.795622927598702034e+01 5.197858640660566777e-03 8.806961914755056853e+00
8.970183649669840165e+00 3.793235747380401079e+01 5.115230922182310673e-03 8.772016677954544761e+00
9.060335494124693412e+00 3.790782832565243865e+01 5.033852624757248657e-03 8.737321306095623186e+00
9.151393379679262807e+00 3.788265677289037825e+01 4.953706958857590978e-03 8.702872115511581796e+00
9.243366412197987714e+00 3.785685821051840350e+01 4.874777445102913137e-03 8.668665220772439284e+00
9.336263789060762264e+00 3.783044860151903777e+01 4.797047923217126475e-03 8.634696502099313165e+00
9.430094800082688522e+00 3.780344461324470728e+01 4.720502563711879811e-03 8.600961565874749581e+00
9.524868828443061375e+00 3.777586378185345239e+01 4.645125883030888810e-03 8.567455696383923680e+00
9.620595351623695279e+00 3.774772471276926922e+01 4.570902763135068110e-03 8.534173796304470372e+00
9.717283942356681692e+00 3.771904732790989101e+01 4.497818476853823570e-03 8.501110312597266017e+00
9.814944269581667768e+00 3.768985317435129900e+01 4.425858720817907495e-03 8.468259143223882290e+00
9.913586099412759367e+00 3.766016581476687008e+01 4.355009658500678428e-03 8.435613518341655848e+00
1.001321929611514250e+01 3.763000543685785715e+01 4.285257211512323930e-03 8.403167347986697067e+00
1.011385382309151382e+01 3.759922976746417334e+01 4.216566548753138133e-03 8.370955983421529467e+00
1.021549974387843385e+01 3.756779859801701349e+01 4.148916608791369635e-03 8.338989402333480072e+00
1.031816722315268464e+01 3.753572701866772121e+01 4.082293743198173869e-03 8.307263510726071942e+00
1.042186652774775446e+01 3.750303134899760238e+01 4.016684658406328122e-03 8.275773785861439080e+00
1.052660802768051340e+01 3.746972956888505735e+01 3.952076464806886236e-03 8.244515143899366905e+00
1.063240219718824520e+01 3.743584192425601032e+01 3.888456747547426075e-03 8.213481752646815792e+00
1.073925961577606181e+01 3.740139180243593131e+01 3.825813670868768914e-03 8.182666759637616138e+00
1.084719096927486603e+01 3.736640703750020265e+01 3.764136136085640110e-03 8.152061885066318681e+00
1.095620705090995450e+01 3.733092192947678711e+01 3.703414028899002473e-03 8.121656790170206364e+00
1.106631876238033918e+01 3.729498050680681587e+01 3.643638622804515684e-03 8.091438054162066962e+00
1.117753711494892244e+01 3.725864208434052927e+01 3.584803271714561562e-03 8.061387427682980444e+00
1.128987323054364822e+01 3.722199138063375301e+01 3.526904679081938662e-03 8.031478647832313911e+00
1.140333834286968440e+01 3.718515858475468860e+01 3.469945429828241029e-03 8.001671110882115912e+00
1.151794379853282280e+01 3.714835446012470754e+01 3.413938420230896564e-03 7.971898653816847258e+00
1.163370105817413247e+01 3.711125026911413016e+01 3.358826957733189282e-03 7.942256930089609313e+00
1.175062169761604380e+01 3.707347322333765050e+01 3.304549785964195144e-03 7.912858024119937106e+00
1.186871740901993277e+01 3.703501510794747986e+01 3.251093187554684062e-03 7.883705000519390715e+00
1.198800000205535454e+01 3.699552551880565687e+01 3.198399411778512537e-03 7.854909697289107484e+00
1.201200000205946594e+01 3.698807276424541612e+01 3.188024813927217531e-03 7.849012522072801978e+00
1.213272260909518963e+01 3.694842031985654529e+01 3.136368672014290624e-03 7.820305483230288957e+00
1.225465849850245448e+01 3.690800669214140584e+01 3.085483049503797304e-03 7.791871304082530258e+00
1.237781986397182266e+01 3.686696241558861686e+01 3.035372889067604416e-03 7.763668715071872839e+00
1.250221902174247113e+01 3.682530292223573554e+01 2.986028334075624315e-03 7.735693109348718899e+00
1.262786841183384645e+01 3.678303830284446008e+01 2.937438978027920918e-03 7.707941562667255830e+00
1.275478059928965813e+01 3.674017732337863151e+01 2.889594387266670658e-03 7.680411551093675904e+00
1.288296827543442369e+01 3.669744999803457119e+01 2.842577564774816969e-03 7.652849339440300547e+00
1.301244425914257263e+01 3.665538657371207165e+01 2.796444316426265324e-03 7.625062748358761411e+00
1.314322149812037743e+01 3.661357377925881451e+01 2.751128358440644173e-03 7.597187669098889984e+00
1.327531307020071338e+01 3.657175086461842994e+01 2.706583934762974743e-03 7.569310468296116312e+00
1.340873218465086758e+01 3.653004113539581965e+01 2.662815712710009733e-03 7.541379881285057429e+00
1.354349218349346629e+01 3.648835642334967844e+01 2.619800834772370406e-03 7.513421671033426286e+00
1.367960654284069832e+01 3.644653189719958419e+01 2.577506788464422466e-03 7.485491679124790743e+00
1.381708887424192334e+01 3.640445139754507409e+01 2.535907713418627998e-03 7.457629703769393714e+00
1.395595292604485138e+01 3.636203181317516453e+01 2.494982307094635501e-03 7.429864614672589518e+00
1.409621258477038275e+01 3.631921301071325558e+01 2.454712474876984043e-03 7.402217657368040271e+00
1.423788187650127313e+01 3.627595118103020155e+01 2.415082437491644727e-03 7.374704641576547814e+00
1.438097496828475741e+01 3.623221434061561297e+01 2.376078126634796617e-03 7.347337424417911045e+00
1.452550616954925466e+01 3.618797922476489504e+01 2.337686766705806326e-03 7.320124937335050319e+00
1.467148993353533548e+01 3.614322909995720323e+01 2.299896579471130860e-03 7.293073911096863426e+00
1.481894085874105116e+01 3.609795219597356208e+01 2.262696571654168251e-03 7.266189396842900550e+00
1.496787369038180060e+01 3.605214056390957467e+01 2.226076379558974971e-03 7.239475146687075480e+00
1.511830332186485748e+01 3.600578923205498683e+01 2.190026153624955504e-03 7.212933895900497383e+00
1.527024479627872999e+01 3.595889725406019721e+01 2.154536702205559623e-03 7.186566805132101443e+00
1.542371330789747397e+01 3.591154420765510480e+01 2.119609995037989667e-03 7.160337865639600174e+00
1.557872420370014765e+01 3.586377406190369754e+01 2.085243233105057038e-03 7.134226015879889360e+00
1.573529298490550410e+01 3.581556668530028986e+01 2.051424923589165259e-03 7.108239744745977085e+00
1.589343530852213782e+01 3.576690635199467749e+01 2.018144282075703434e-03 7.082386010172205815e+00
1.605316698891419946e+01 3.571778097435205268e+01 1.985391125355278653e-03 7.056670500302272053e+00
1.621450399938283482e+01 3.566818148589693038e+01 1.953155784986511379e-03 7.031097844110815842e+00
1.637746247376353992e+01 3.561810134219319224e+01 1.921429037125348040e-03 7.005671782301805983e+00
1.654205870803955136e+01 3.556753611478485055e+01 1.890202045183967793e-03 6.980395306793393928e+00
1.670830916197146010e+01 3.551648315901408637e+01 1.859466312673118890e-03 6.955270775210437684e+00
1.687623046074320854e+01 3.546494134083238947e+01 1.829213644178298266e-03 6.930300005373530858e+00
1.704583939662460423e+01 3.541291081098851379e+01 1.799436112871525672e-03 6.905484353686557775e+00
1.721715293065057040e+01 3.536039281747327578e+01 1.770126033305343630e-03 6.880824780490431891e+00
1.739018819431727536e+01 3.530738954902022186e+01 1.741275938499755368e-03 6.856321904810547707e+00
1.756496249129529019e+01 3.525390469024667794e+01 1.712878663456977651e-03 6.831975639922688082e+00
1.774149329915994855e+01 3.520002499809228880e+01 1.684939628826496831e-03 6.807735508275031933e+00
1.791979827113915036e+01 3.514581341311743756e+01 1.657460951368825439e-03 6.783562394659579553e+00
1.809989523787867682e+01 3.509125338473036493e+01 1.630432936340968104e-03 6.759464630752026970e+00
1.828180220922529386e+01 3.503642191268243522e+01 1.603860404234359665e-03 6.735390568674581857e+00
1.846553737602771861e+01 3.498137081329487330e+01 1.577744642864143277e-03 6.711301449645452166e+00
1.865111911195574379e+01 3.492606418097042109e+01 1.552073544507654845e-03 6.687214818766203273e+00
1.883856597533761246e+01 3.487047111066323168e+01 1.526835794599819577e-03 6.663146291515237962e+00
1.902789671101587743e+01 3.481456513457549562e+01 1.502020785469501685e-03 6.639109766427941928e+00
1.921913025222187343e+01 3.475832372363876033e+01 1.477618540783892046e-03 6.615117613480916425e+00
1.941228572246908612e+01 3.470172784693798462e+01 1.453619649356292006e-03 6.591180840771869498e+00
1.960738243746551035e+01 3.464476158267540029e+01 1.430015207124994215e-03 6.567309241900535888e+00
1.980443990704521440e+01 3.458741177478999163e+01 1.406796766252165756e-03 6.543511526253980470e+00
2.000347783711938021e+01 3.452966772989583433e+01 1.383956290422208189e-03 6.519795434185974514e+00
2.020451613164687998e+01 3.447152094974775594e+01 1.361486115535747278e-03 6.496167838875307687e+00
2.040757489462469465e+01 3.441299011136368335e+01 1.339383416221251455e-03 6.472613084565502106e+00
2.061267443209834127e+01 3.435409183555704260e+01 1.317645238922849705e-03 6.449115833437751633e+00
2.081983525419248338e+01 3.429481637248547088e+01 1.296264038550286541e-03 6.425683229341813352e+00
2.102907807716196587e+01 3.423515580668626512e+01 1.275232590709680014e-03 6.402321691594586639e+00
2.124042382546345564e+01 3.417510391151265736e+01 1.254543971175815656e-03 6.379036951903379382e+00
2.145389363384790471e+01 3.411465598018941847e+01 1.234191530776426217e-03 6.355834120185252623e+00
2.166950884947403821e+01 3.405380867480106843e+01 1.214168872989673884e-03 6.332717743540238864e+00
2.188729103404310550e+01 3.399255989124247890e+01 1.194469833935483906e-03 6.309691859119815227e+00
2.210726196595504689e+01 3.393090863836998494e+01 1.175088464479648450e-03 6.286760041555869094e+00
2.232944364248636759e+01 3.386885492978287715e+01 1.156019014204212993e-03 6.263925445541601356e+00
2.255385828198986076e+01 3.380639968683830432e+01 1.137255917027407779e-03 6.241190844092757928e+00
2.278052832611649947e+01 3.374354465165801287e+01 1.118793778283280358e-03 6.218558662956708005e+00
2.300947644205959364e+01 3.368029230902593696e+01 1.100627363093906359e-03 6.196031011587102455e+00
2.324072552482151366e+01 3.361664581619958625e+01 1.082751585887656168e-03 6.173609711053433813e+00
2.347429869950325454e+01 3.355262998315980383e+01 1.065166728465914096e-03 6.151266130424720480e+00
2.371021932361692919e+01 3.348827740590055413e+01 1.047875774484967456e-03 6.128954813339662522e+00
2.394851098942154266e+01 3.342360891457493466e+01 1.030879754948730654e-03 6.106640015265779375e+00
2.418919752628226050e+01 3.335861755681268903e+01 1.014173021268465012e-03 6.084324757552166396e+00
2.443230300305333813e+01 3.329329314440050780e+01 9.977489809797899286e-04 6.062018505433603544e+00
2.467785173048504177e+01 3.322762718407598470e+01 9.816013364145961817e-04 6.039729940287486443e+00
2.492586826365473485e+01 3.316161273939862753e+01 9.657240624729707514e-04 6.017467020985686865e+00
2.517637740442242134e+01 3.309524430348994883e+01 9.501113863968177649e-04 5.995237040366517611e+00
2.542940420391093070e+01 3.302851768192259385e+01 9.347577693598079938e-04 5.973046677173826424e+00
2.568497396501107843e+01 3.296142988504710303e+01 9.196578897040948424e-04 5.950902043797754892e+00
2.594311224491194068e+01 3.289397902906521409e+01 9.048066276689820803e-04 5.928808730137764549e+00
2.620384485765662319e+01 3.282616424518619169e+01 8.901990514708803389e-04 5.906771843890048501e+00
2.646719787672368795e+01 3.275798559623547845e+01 8.758304046066649803e-04 5.884796047544560871e+00
2.673319763763448975e+01 3.268944400012081530e+01 8.616960942646309431e-04 5.862885592357520714e+00
2.700187074058680281e+01 3.262054412051641350e+01 8.477933707786355563e-04 5.841032705670577307e+00
2.727324405311480149e+01 3.255129217666385699e+01 8.341211048237951028e-04 5.819218372682095186e+00
2.754734471277589236e+01 3.248168735614209623e+01 8.206746428245739224e-04 5.797447977171879430e+00
2.782420012986445457e+01 3.241172962497526555e+01 8.074494091892190891e-04 5.775727092582934041e+00
2.810383799015291473e+01 3.234141984603879649e+01 7.944409942357376743e-04 5.754060839572136210e+00
2.838628625766033764e+01 3.227075970857463716e+01 7.816451434694678341e-04 5.732453918678601212e+00
2.867157317744884182e+01 3.219975166308465475e+01 7.690577477486648184e-04 5.710910640482070200e+00
2.895972727844814898e+01 3.212839886120430322e+01 7.566748342583791073e-04 5.689434953441737441e+00
2.925077737630848773e+01 3.205670510018112651e+01 7.444925582200755511e-04 5.668030469593921872e+00
2.954475257628218188e+01 3.198467464993142073e+01 7.325079826482999408e-04 5.646694418602405285e+00
2.984168227613421820e+01 3.191231012342656115e+01 7.207214720281503043e-04 5.625398551347243981e+00
3.014159616908201400e+01 3.183961278651365490e+01 7.091297461052056871e-04 5.604142438302256224e+00
3.044452424676480362e+01 3.176658459498906950e+01 6.977288700167953673e-04 5.582931322141776675e+00
3.075049680224278958e+01 3.169322822729256828e+01 6.865150458948218607e-04 5.561770051310867657e+00
3.105954443302649537e+01 3.161954580168102780e+01 6.754854902176645045e-04 5.540655842242053986e+00
3.137169804413655072e+01 3.154553493493424909e+01 6.646399081649043529e-04 5.519565544143756775e+00
3.168698885119418662e+01 3.147119639165144278e+01 6.539747608902446744e-04 5.498502569807660834e+00
3.200544838354284138e+01 3.139653209008356427e+01 6.434862998931444684e-04 5.477472747455871982e+00
3.232710848740116205e+01 3.132154466398011650e+01 6.331709109894516916e-04 5.456481492135031530e+00
3.265200132904757169e+01 3.124623741150451295e+01 6.230251062524333168e-04 5.435533832492195572e+00
3.298015939803696739e+01 3.117061424746401599e+01 6.130455165635735962e-04 5.414634435726837225e+00
3.331161551044972668e+01 3.109467965866316774e+01 6.032288847232791535e-04 5.393787630837544533e+00
3.364640281217329942e+01 3.101843866219287804e+01 5.935720590758615002e-04 5.372997430274776498e+00
3.398455478221685411e+01 3.094189676647421550e+01 5.840719876067904277e-04 5.352267550106383887e+00
3.432610523605919184e+01 3.086505993488162147e+01 5.747257124737425440e-04 5.331601428796176378e+00
3.467108832903031868e+01 3.078793455177841665e+01 5.655303649360936746e-04 5.311002244690841145e+00
3.501953855972701035e+01 3.071052739080505845e+01 5.564831606505867782e-04 5.290472932303497799e+00
3.537149077346272463e+01 3.063284558526946100e+01 5.475813953034249773e-04 5.270016197478559761e+00
3.572698016575212421e+01 3.055489304831756670e+01 5.388230747129064491e-04 5.249628353022650629e+00
3.608604228583069329e+01 3.047664467973121560e+01 5.302109703773398228e-04 5.229258915489476855e+00
3.644871304020963265e+01 3.039809463842712489e+01 5.217435243281718857e-04 5.208898533512298812e+00
3.681502869626662999e+01 3.031924570558432563e+01 5.134177214691192093e-04 5.188552560660689039e+00
3.718502588587254110e+01 3.024010115123274289e+01 5.052306488370970732e-04 5.168226012326017305e+00
3.755874160905466397e+01 3.016066470159581314e+01 4.971794900193560835e-04 5.147923585625018283e+00
3.793621323769675513e+01 3.008094050823247301e+01 4.892615199552013483e-04 5.127649678111476206e+00
3.831747851927622861e+01 3.000093311890540448e+01 4.814741000936894320e-04 5.107408405361353765e+00
3.870257558063895686e+01 2.992064745009894366e+01 4.738146738808441121e-04 5.087203617494348684e+00
3.909154293181201467e+01 2.984008876110979713e+01 4.662807625519304689e-04 5.067038914692118645e+00
3.948441946985465023e+01 2.975926262963354318e+01 4.588699612061100815e-04 5.046917661771582964e+00
3.988124448274805189e+01 2.967817492877017216e+01 4.515799351425237680e-04 5.026843001868959604e+00
4.028205765332422317e+01 2.959683180537432179e+01 4.444084164384678884e-04 5.006817869287244704e+00
4.068689906323420757e+01 2.951523965967686181e+01 4.373532007517512399e-04 4.986845001557854040e+00
4.109580919695638812e+01 2.943340507706963649e+01 4.304121487620427488e-04 4.966926899626930236e+00
4.150882894584488980e+01 2.935131430300537758e+01 4.235849434074562291e-04 4.947045279892069658e+00
4.192599961221876725e+01 2.926895254054650408e+01 4.168710817076079381e-04 4.927183548704205052e+00
4.234736291349231863e+01 2.918632273333602001e+01 4.102684460920308644e-04 4.907344016393097696e+00
4.277296098634680988e+01 2.910341539214886453e+01 4.037759315267466244e-04 4.887517250256461665e+00
4.320283639094419215e+01 2.902023157732575953e+01 3.973915481728215108e-04 4.867704602791982360e+00
4.363703211518314617e+01 2.893677665873894966e+01 3.911130514920377462e-04 4.847911053220389732e+00
4.407559157899793689e+01 2.885305634125496255e+01 3.849382705555547731e-04 4.828141295838976887e+00
4.451855863870040508e+01 2.876907664314978774e+01 3.788651042760167345e-04 4.808399755515618601e+00
4.496597759136565742e+01 2.868484387555220749e+01 3.728915178833532582e-04 4.788690602313199207e+00
4.541789317926183855e+01 2.860036462288417169e+01 3.670155396269523846e-04 4.769017765290270106e+00
4.587435059432430506e+01 2.851564572426458355e+01 3.612352576883324303e-04 4.749384945519670609e+00
4.633539548267496855e+01 2.843069425584107535e+01 3.555488172893892873e-04 4.729795628367745586e+00
4.680107394918683639e+01 2.834551751401273023e+01 3.499544179825195582e-04 4.710253095073337448e+00
4.727143256209466671e+01 2.826012299950659212e+01 3.444503111098084309e-04 4.690760433665356999e+00
4.774651835765168784e+01 2.817451089390028329e+01 3.390351958917195755e-04 4.671315058994577107e+00
4.822637884483336990e+01 2.808865186034933714e+01 3.337092695289639393e-04 4.651893730351534195e+00
4.871106201008832670e+01 2.800254517969247559e+01 3.284710898758924744e-04 4.632495586028180234e+00
4.920061632213697322e+01 2.791619578849175198e+01 3.233189598253378722e-04 4.613123730009668577e+00
4.969509073681849287e+01 2.782959927873753259e+01 3.182516744053471864e-04 4.593774674216006382e+00
5.019453470198639167e+01 2.774274879137296423e+01 3.132681230793309709e-04 4.574443750892220883e+00
5.069899816245341384e+01 2.765564956055405688e+01 3.083666417293678551e-04 4.555134615828779765e+00
5.120853156498598935e+01 2.756830712614243239e+01 3.035456089658544764e-04 4.535850820863328359e+00
5.172318586334898072e+01 2.748072718530838898e+01 2.988034505037386350e-04 4.516595729429758954e+00
5.224301252340111290e+01 2.739291558091069589e+01 2.941386370360202836e-04 4.497372526271880666e+00
5.276806352824156221e+01 2.730487829042239412e+01 2.895496822329691761e-04 4.478184226645650412e+00
5.329839138340837934e+01 2.721662141538462976e+01 2.850351408586602369e-04 4.459033685036684069e+00
5.383404912212900228e+01 2.712815117137117227e+01 2.805936069971274086e-04 4.439923603416745301e+00
5.437509031062369758e+01 2.703947387844419126e+01 2.762237123808841829e-04 4.420856539063331425e+00
5.492156905346217854e+01 2.695059595208294212e+01 2.719241248150727677e-04 4.401834911965231356e+00
5.547353999897414667e+01 2.686149873298103330e+01 2.676944193730203215e-04 4.382846723737784167e+00
5.603105834471408997e+01 2.677215469870760955e+01 2.635343854545764072e-04 4.363876201243550135e+00
5.659417984298123372e+01 2.668256751765266799e+01 2.594426902398829643e-04 4.344925978612276474e+00
5.716296080639464350e+01 2.659273313038701758e+01 2.554182869188198523e-04 4.325994308189462956e+00
5.773745811352464585e+01 2.650263550382110367e+01 2.514605029227996052e-04 4.307073291504905477e+00
5.831772921458070158e+01 2.641227800284443106e+01 2.475680358720853979e-04 4.288165921031680483e+00
5.890383213715649902e+01 2.632166469721240531e+01 2.437395999184753352e-04 4.269275377282031769e+00
5.949582549203270077e+01 2.623079972800912429e+01 2.399739449667274407e-04 4.250404688070345216e+00
6.009376847903811125e+01 2.613968730064398116e+01 2.362698551669352009e-04 4.231556736038083244e+00
6.069772089296974116e+01 2.604833167815318973e+01 2.326261474905040952e-04 4.212734265811747036e+00
6.130774312957228744e+01 2.595673717480045539e+01 2.290416703844340050e-04 4.193939890811861027e+00
6.192389619157772529e+01 2.586490814997035059e+01 2.255153024990421166e-04 4.175176099728867385e+00
6.254624169480573670e+01 2.577284900234717568e+01 2.220459514845308190e-04 4.156445262682119335e+00
6.317484187432528842e+01 2.568056416437134359e+01 2.186325528521280265e-04 4.137749637077244635e+00
6.380975959067813363e+01 2.558805774147564094e+01 2.152740778032914779e-04 4.119091202739102897e+00
6.445105833616503332e+01 2.549530814480630880e+01 2.119701438050941805e-04 4.100459826757282045e+00
6.509880224119494585e+01 2.540230016677734071e+01 2.087201686422571353e-04 4.081849135074531176e+00
6.575305608069814411e+01 2.530902318131278861e+01 2.055234411931824014e-04 4.063255328699590052e+00
6.641388528060382157e+01 2.521548066122595344e+01 2.023789239390717549e-04 4.044681275333573467e+00
6.708135592438264894e+01 2.512167678988022956e+01 1.992855922780417156e-04 4.026130016708190595e+00
6.775553475965523376e+01 2.502761578846331147e+01 1.962424496416528049e-04 4.007604459554525711e+00
6.843648920486690201e+01 2.493330191131268236e+01 1.932485263506571009e-04 3.989107382073995289e+00
6.912428735602966867e+01 2.483873944143685719e+01 1.903028785320680794e-04 3.970641440105208364e+00
6.981899799353179503e+01 2.474393268623074249e+01 1.874045870937696330e-04 3.952209173001436593e+00
7.052069058901597032e+01 2.464888597338322640e+01 1.845527567531839522e-04 3.933813009231682312e+00
7.122943531232648695e+01 2.455360364697360964e+01 1.817465151167016175e-04 3.915455271718668140e+00
7.194530303852627640e+01 2.445809006375359118e+01 1.789850118068345576e-04 3.897138182925667937e+00
7.266836535498455873e+01 2.436234958961025754e+01 1.762674176341953182e-04 3.878863869704735290e+00
7.339869456853550389e+01 2.426638185450604723e+01 1.735930113046574221e-04 3.860632422110032991e+00
7.413636371270909819e+01 2.417017297191101122e+01 1.709613236635598396e-04 3.842438535824496348e+00
7.488144655503447211e+01 2.407370669278981623e+01 1.683719137611723907e-04 3.824276308279595860e+00
7.563401760441674071e+01 2.397697538278442408e+01 1.658241734914250192e-04 3.806143693995691191e+00
7.639415211858802479e+01 2.387998078629782839e+01 1.633173375461145489e-04 3.788042480241827548e+00
7.716192611163316428e+01 2.378272460628230789e+01 1.608506586186136738e-04 3.769974379865634440e+00
7.793741636159128916e+01 2.368520850180126303e+01 1.584234067879470339e-04 3.751941034790259533e+00
7.872070041813364583e+01 2.358743408570503064e+01 1.560348689319002462e-04 3.733944019353941712e+00
7.951185661031861684e+01 2.348940292241764993e+01 1.536843481675435300e-04 3.715984843499089862e+00
8.031096405442470143e+01 2.339111652583083156e+01 1.513711633176074284e-04 3.698064955818477717e+00
8.111810266186228091e+01 2.329257635730204612e+01 1.490946484012728923e-04 3.680185746465185481e+00
8.193335314716466655e+01 2.319378092796827318e+01 1.468541954267691958e-04 3.662347470618198209e+00
8.275679703605980819e+01 2.309471313986926688e+01 1.446494325952312875e-04 3.644544693818725811e+00
8.358851667362276316e+01 2.299537058675878498e+01 1.424797647429082296e-04 3.626777692798587971e+00
8.442859523251043186e+01 2.289575500507161721e+01 1.403445479667344436e-04 3.609048260597388147e+00
8.527711672127873044e+01 2.279586808703045619e+01 1.382431534330088631e-04 3.591358121727219466e+00
8.613416599278366448e+01 2.269571147903386787e+01 1.361749668686150115e-04 3.573708935388040242e+00
8.699982875266660187e+01 2.259528400404627391e+01 1.341394252065440445e-04 3.556101314187596785e+00
8.787419156792488195e+01 2.249458244798702822e+01 1.321360012545151380e-04 3.538535175302734981e+00
8.875734187556869870e+01 2.239360556372207256e+01 1.301641494985171315e-04 3.521011166438144713e+00
8.964936799136478385e+01 2.229235200900148328e+01 1.282233348848279934e-04 3.503529912315741512e+00
9.055035911866804099e+01 2.219081993856621082e+01 1.263130376765455535e-04 3.486091874622605058e+00
9.146040535734206856e+01 2.208898552850810049e+01 1.244330157825791750e-04 3.468690026347068578e+00
9.237959771276906906e+01 2.198683318383425345e+01 1.225829099283832243e-04 3.451320588734834161e+00
9.330802810495060839e+01 2.188436642508418473e+01 1.207621303703377690e-04 3.433986419998150463e+00
9.424578937769959452e+01 2.178158877088364065e+01 1.189701029217574824e-04 3.416690280781634836e+00
9.519297530792475470e+01 2.167850373775085515e+01 1.172062683589067134e-04 3.399434838830074579e+00
9.614968061500844954e+01 2.157511483993810231e+01 1.154700818562981923e-04 3.382222673472031538e+00
9.711600097027866241e+01 2.147142558931267331e+01 1.137610124495755474e-04 3.365056279928600791e+00
9.809203300657618740e+01 2.136743949528213804e+01 1.120785425244378295e-04 3.347938073454807650e+00
9.907787432791796789e+01 2.126316006476692522e+01 1.104221673301176515e-04 3.330870393322145517e+00
1.000736235192577368e+02 2.115858703019527098e+01 1.087914346574426024e-04 3.313854283917324839e+00
1.010793801563443708e+02 2.105370475679357156e+01 1.071860596879182636e-04 3.296885892441628663e+00
1.020952448156797630e+02 2.094854130117068891e+01 1.056053053793276630e-04 3.279975469610774574e+00
1.031213190845763563e+02 2.084310031131459695e+01 1.040487147199126519e-04 3.263125093042198444e+00
1.041577055713161286e+02 2.073738133010393270e+01 1.025158818542294681e-04 3.246335502305389475e+00
1.052045079154114404e+02 2.063138382138828675e+01 1.010064086522132935e-04 3.229607416941915776e+00
1.062618307979689689e+02 2.052510716946713032e+01 9.951990451502239156e-05 3.212941537640519929e+00
1.073297799521581197e+02 2.041855067860645434e+01 9.805598618761294540e-05 3.196338547374009131e+00
1.084084621737842866e+02 2.031171357259178123e+01 9.661427757774318709e-05 3.179799112499822833e+00
1.094979853319685077e+02 2.020459197547525676e+01 9.519443763093485148e-05 3.163322951726970089e+00
1.105984583799345700e+02 2.009716589256072794e+01 9.379627535210798451e-05 3.146904927511138261e+00
1.117099913659042727e+02 1.998942899611936141e+01 9.241946886408850198e-05 3.130544325961665209e+00
1.128326954441025549e+02 1.988137875835633395e+01 9.106366562674819676e-05 3.114241644429526001e+00
1.139666828858728138e+02 1.977301254071656800e+01 8.972851951153530453e-05 3.097997367125548074e+00
1.151120670909042190e+02 1.966432759289926935e+01 8.841369065667548186e-05 3.081811965838746392e+00
1.162689625985717470e+02 1.955532105187309355e+01 8.711884532679765728e-05 3.065685900630466421e+00
1.174374850993902584e+02 1.944599036098498246e+01 8.584365222237769362e-05 3.049619746777370910e+00
1.186177514465835827e+02 1.933637762810845473e+01 8.458741577828810931e-05 3.033627347950825559e+00
1.198098796677700477e+02 1.922651361865849040e+01 8.334956983083230463e-05 3.017718570752548679e+00
1.210139889767651908e+02 1.911639159296665724e+01 8.212987222913826655e-05 3.001891986045509775e+00
1.222301997855033164e+02 1.900601055202328027e+01 8.092803593972890325e-05 2.986147930809014195e+00
1.234586337160788361e+02 1.889536942717909085e+01 7.974377851934425887e-05 2.970486748025215729e+00
1.246994136129085007e+02 1.878446708052954861e+01 7.857682202831989921e-05 2.954908787252088054e+00
1.259526635550160023e+02 1.867330230532525803e+01 7.742689294573668057e-05 2.939414405206871361e+00
1.272185088684398693e+02 1.856187382640869998e+01 7.629372208628891114e-05 2.924003966360986251e+00
1.284970761387664027e+02 1.845017962882185358e+01 7.517704955803947760e-05 2.908677648574828911e+00
1.297884932237880378e+02 1.833820458296194644e+01 7.407671514932672081e-05 2.893431900790983224e+00
1.310928892662894896e+02 1.822594280254656240e+01 7.299248729891669445e-05 2.878266006640409547e+00
1.324103947069619949e+02 1.811339336003944922e+01 7.192410071145817312e-05 2.863180722852838755e+00
1.337411412974475979e+02 1.800055527572089886e+01 7.087129465959742804e-05 2.848176808301980945e+00
1.350852621135142329e+02 1.788742751852160495e+01 6.983381287863744220e-05 2.833255025161415031e+00
1.364428915683636774e+02 1.777400900690279073e+01 6.881140346396894241e-05 2.818416140074025744e+00
1.378141654260727194e+02 1.766030721528695935e+01 6.780375950996545996e-05 2.803663375766326293e+00
1.391992208151698946e+02 1.754637443404384811e+01 6.681028018644036607e-05 2.789012499159297054e+00
1.405981962423483083e+02 1.743221401575225116e+01 6.583072114682102227e-05 2.774465005586479016e+00
1.420112316063165281e+02 1.731782500155933135e+01 6.486487063953692692e-05 2.760021200989786649e+00
1.434384682117884893e+02 1.720320649046260186e+01 6.391251908734473007e-05 2.745681448251310552e+00
1.448800487836140576e+02 1.708835754223142445e+01 6.297345972644936797e-05 2.731446139816124496e+00
1.463361174810517582e+02 1.697327717879890585e+01 6.204748856443219405e-05 2.717315698539690683e+00
1.478068199121847499e+02 1.685796431544106966e+01 6.113440478775188916e-05 2.703290558716261671e+00
1.492923031484817216e+02 1.674241202525290007e+01 6.023404666197726702e-05 2.689369561307590306e+00
1.507927157395041888e+02 1.662661497900853647e+01 5.934624218704863841e-05 2.675552098528073852e+00
1.523082077277616406e+02 1.651057323530285004e+01 5.847078727181874821e-05 2.661839133074488828e+00
1.538389306637157858e+02 1.639428684843757722e+01 5.760748087169753590e-05 2.648231658092622620e+00
1.553850376209358615e+02 1.627775587042483707e+01 5.675612492246792201e-05 2.634730698990331632e+00
1.569466832114059400e+02 1.616098035303491898e+01 5.591652427510175063e-05 2.621337315336591978e+00
1.585240236009865384e+02 1.604395662067490136e+01 5.508850874487607250e-05 2.608051555941389488e+00
1.601172165250310115e+02 1.592666676385162283e+01 5.427199214779056908e-05 2.594869583328303975e+00
1.617264213041594587e+02 1.580913940643405624e+01 5.346661480226288425e-05 2.581800741270481314e+00
1.633517988601907689e+02 1.569142149655042928e+01 5.267192819040799506e-05 2.568859207473805473e+00
1.649935117322350493e+02 1.557351594989587795e+01 5.188775200561697042e-05 2.556046640482549481e+00
1.666517240929476600e+02 1.545542504394021854e+01 5.111391238370837622e-05 2.543364563509202370e+00
1.683266017649464175e+02 1.533715239006919617e+01 5.035023060063874029e-05 2.530814923001927230e+00
1.700183122373943263e+02 1.521870880377695556e+01 4.959649132917605879e-05 2.518401719556674578e+00
1.717270246827483220e+02 1.510009691330841619e+01 4.885252951989960010e-05 2.506126653794252146e+00
1.734529099736769808e+02 1.498131700277054712e+01 4.811819514168709999e-05 2.493990831376880823e+00
1.751961407001475379e+02 1.486236937168069083e+01 4.739333967015518068e-05 2.481995437127517690e+00
1.769568911866853966e+02 1.474325433676539632e+01 4.667781606431084030e-05 2.470141738166103273e+00
1.787353375098064987e+02 1.462397188012589311e+01 4.597148062608545041e-05 2.458430986539673402e+00
1.805316575156251986e+02 1.450452089084632590e+01 4.527419678619449075e-05 2.446864211522564503e+00
1.823460308376389776e+02 1.438490132523186738e+01 4.458582349190096594e-05 2.435442839726823738e+00
1.841786389146920442e+02 1.426511326567410443e+01 4.390622043637181600e-05 2.424168425603633104e+00
1.860296650091193555e+02 1.414515681353426757e+01 4.323524862055168572e-05 2.413042624695328708e+00
1.878992942250727651e+02 1.402504775953334715e+01 4.257269002421757911e-05 2.402071729175531356e+00
1.897877135270319968e+02 1.390483739448865208e+01 4.191815481948671287e-05 2.391272214409121855e+00
1.916951117585008433e+02 1.378452980021150509e+01 4.127150552540829608e-05 2.380646836828929747e+00
1.936216796608919708e+02 1.366412446187767138e+01 4.063262907774536686e-05 2.370197152114858596e+00
1.955676098926011832e+02 1.354362085226453871e+01 4.000141287593594663e-05 2.359924857638855844e+00
1.975330970482731630e+02 1.342301843121302518e+01 3.937774477929353487e-05 2.349831798619410161e+00
1.995183376782614744e+02 1.330231809701365364e+01 3.876150597713816864e-05 2.339920404847163127e+00
2.015235303082833980e+02 1.318152169940674057e+01 3.815257389422314910e-05 2.330193545212342787e+00
2.035488754592730061e+02 1.306062938580032196e+01 3.755083511325832250e-05 2.320653752698798034e+00
2.055945756674331903e+02 1.293964126922453595e+01 3.695617686964236201e-05 2.311303733644802794e+00
2.076608355044894836e+02 1.281855745165701599e+01 3.636848690112138557e-05 2.302146385245565696e+00
2.097478615981474945e+02 1.269737054708991586e+01 3.578768901791978786e-05 2.293182525421454621e+00
2.118558626527557749e+02 1.257606855957358682e+01 3.521372684005958498e-05 2.284411816074098489e+00
2.139850494701764774e+02 1.245464671385673405e+01 3.464650768032755964e-05 2.275836374140280505e+00
2.161356349708657092e+02 1.233310015332924792e+01 3.408593845365147558e-05 2.267458536299552296e+00
2.183078342151655988e+02 1.221146344800614969e+01 3.353174163601826475e-05 2.259293270445658752e+00
2.205018644248108046e+02 1.208977890259841992e+01 3.298361358689970609e-05 2.251358189253946485e+00
2.227179450046506872e+02 1.196805345299762280e+01 3.244142343332454632e-05 2.243659967839271463e+00
2.249562975645899314e+02 1.184628275989818036e+01 3.190509264472488624e-05 2.236202048628878725e+00
2.272171459417498625e+02 1.172446230922524535e+01 3.137454195895521345e-05 2.228988188792699887e+00
2.295007162228521906e+02 1.160258912992586566e+01 3.084968341006766795e-05 2.222023052600492043e+00
2.318072367668280549e+02 1.148066502732374872e+01 3.033040616998232782e-05 2.215313305414189582e+00
2.341369382276539000e+02 1.135868834113222903e+01 2.981661468234558161e-05 2.208864927485926000e+00
2.364900535774173420e+02 1.123665706273647302e+01 2.930821368700987071e-05 2.202684285939705333e+00
2.388668181296141881e+02 1.111456960224953860e+01 2.880510453907092480e-05 2.196778439672629535e+00
2.412674695626803043e+02 1.099242764234159075e+01 2.830717240001395449e-05 2.191156178046571590e+00
2.436922479437596110e+02 1.087022848849621148e+01 2.781432103527001462e-05 2.185825413278664975e+00
2.461413957527108778e+02 1.074796795374096625e+01 2.732645866809114033e-05 2.180794236495246174e+00
2.486151579063559041e+02 1.062564670365150121e+01 2.684346888092086237e-05 2.176073285071826291e+00
2.511137817829715573e+02 1.050327659340307207e+01 2.636518374597140641e-05 2.171678154280528350e+00
2.536375172470276880e+02 1.038085199016510529e+01 2.589151286875514160e-05 2.167618994083468920e+00
2.561866166741738198e+02 1.025836602906419337e+01 2.542236732868450338e-05 2.163906523579311791e+00
2.587613349764768600e+02 1.013581199905558172e+01 2.495765290657955178e-05 2.160552657768364249e+00
2.613619296279127866e+02 1.001318666103145461e+01 2.449725489508658755e-05 2.157571940416644019e+00
2.639886606901138748e+02 9.890481172618542871e+00 2.404107882776240806e-05 2.154978116855423398e+00
2.666417908383752433e+02 9.767684450184304978e+00 2.358903376649415531e-05 2.152785577101532066e+00
2.693215853879226529e+02 9.644780584580358251e+00 2.314104325737584178e-05 2.151008385286250491e+00
2.720283123204442290e+02 9.521742975331850545e+00 2.269707000039895373e-05 2.149657898820430457e+00
2.747622423108888938e+02 9.398552335970240534e+00 2.225703237733483945e-05 2.148750549312550273e+00
2.775236487545338946e+02 9.275188314412604385e+00 2.182084248289715368e-05 2.148304580170384614e+00
2.803128077943248968e+02 9.151651192249936173e+00 2.138830418360132085e-05 2.148350449313280119e+00
2.831299983484900622e+02 9.027946167565369606e+00 2.095918721615391966e-05 2.148924475645233478e+00
2.859755021384325460e+02 8.904054040013576810e+00 2.053336073039134643e-05 2.150055461369871690e+00
2.888496037169026067e+02 8.779949396731380418e+00 2.011070370926377560e-05 2.151773439601281090e+00
2.917525904964531378e+02 8.655603904726886455e+00 1.969108648782546498e-05 2.154111804971587052e+00
2.946847527781812914e+02 8.530984348700863862e+00 1.927437644159922842e-05 2.157107029183642055e+00
2.976463837807587538e+02 8.406053608570021041e+00 1.886042877960307664e-05 2.160800040244629017e+00
3.006377796697537406e+02 8.280770632119136110e+00 1.844908120651553719e-05 2.165237345373969724e+00
3.036592395872478960e+02 8.155087664587883367e+00 1.804016094077013745e-05 2.170470833569824176e+00
3.067110656817511654e+02 8.028949983630431220e+00 1.763347757104110554e-05 2.176559292869415074e+00
3.097935631384159478e+02 7.902294565108704205e+00 1.722881919808293944e-05 2.183569749839858076e+00
3.129070402095567260e+02 7.775049516881788136e+00 1.682594114210085248e-05 2.191579995525394953e+00
3.160518082454751720e+02 7.647132359743558538e+00 1.642455683655229509e-05 2.200681248767788922e+00
3.192281817255956184e+02 7.518441183974890585e+00 1.602436304075196538e-05 2.210976558860262120e+00
3.224364782899129409e+02 7.388854768176204679e+00 1.562500795814386238e-05 2.222587036106938196e+00
3.256770187707572290e+02 7.258227466861012722e+00 1.522607737415620313e-05 2.235656630563376712e+00
3.289501272248769510e+02 7.126382183758700251e+00 1.482707557084639173e-05 2.250358673762109074e+00
3.322561309658452728e+02 6.993099908101489071e+00 1.442740289737394382e-05 2.266904346439693185e+00
3.355953605967911813e+02 6.858103424137091508e+00 1.402633448433996092e-05 2.285552882202595004e+00
3.389681500434604118e+02 6.721040256183667516e+00 1.362293400716864919e-05 2.306635241831191507e+00
3.423748365876084563e+02 6.581452901270305134e+00 1.321592648078496352e-05 2.330591038650614788e+00
3.458157609007286055e+02 6.438716836668133325e+00 1.280361906602310709e-05 2.358006794174418275e+00
3.492912670781196312e+02 6.291946429369815519e+00 1.238367296583836758e-05 2.389694766997778608e+00
3.500000000600077783e+02 6.261597154953236100e+00 1.229733613958078582e-05 2.396736164394937418e+00
